153.10
112.90
215.83
188.37
212.84
219.42
221.92
219.57
61.49
49.71
70.78
55.30
95.72
121.48
143.69
163.41
219.42
204.86
219.57
213.37
49.71
74.09
55.30
78.28
120.13
154.31
158.04
209.85
204.86
190.39
213.37
194.81
74.09
75.97
78.28
82.37
143.68
149.74
209.37
217.08
190.39
195.19
194.81
202.41
75.97
63.31
82.37
72.78
165.11
166.67
238.76
214.65
195.19
201.59
202.41
204.86
63.31
69.75
72.78
67.44
140.90
147.33
173.00
206.76
201.59
202.36
204.86
218.65
69.75
87.68
67.44
84.09
110.99
118.19
149.85
186.38
202.36
206.22
218.65
251.07
87.68
83.79
84.09
122.37
152.74
142.25
223.42
225.77
206.22
212.84
251.07
221.92
83.79
61.49
122.37
70.78
112.90
127.90
188.37
242.18
194.78
171.02
189.76
165.39
70.78
55.30
52.96
83.13
121.48
138.95
163.41
179.98
171.02
135.52
165.39
136.98
55.30
78.28
83.13
151.34
154.31
164.55
209.85
186.75
135.52
115.70
136.98
98.80
78.28
82.37
151.34
123.25
149.74
133.11
217.08
247.24
115.70
107.44
98.80
96.37
82.37
72.78
123.25
66.19
166.67
134.54
214.65
205.64
107.44
118.70
96.37
129.09
72.78
67.44
66.19
59.40
147.33
151.40
206.76
166.25
118.70
177.68
129.09
183.48
67.44
84.09
59.40
92.93
118.19
134.68
186.38
148.62
177.68
191.68
183.48
201.75
84.09
122.37
92.93
82.32
142.25
155.20
225.77
244.10
191.68
194.78
201.75
189.76
122.37
70.78
82.32
52.96
127.90
126.83
242.18
204.46
208.72
188.53
229.10
208.51
52.96
83.13
72.36
60.95
138.95
170.97
179.98
214.52
188.53
156.52
208.51
169.47
83.13
151.34
60.95
97.40
164.55
232.01
186.75
268.78
156.52
110.04
169.47
84.09
151.34
123.25
97.40
132.46
133.11
201.81
247.24
292.72
110.04
134.58
84.09
109.20
123.25
66.19
132.46
66.41
134.54
180.87
205.64
283.04
134.58
138.07
109.20
159.63
66.19
59.40
66.41
108.28
151.40
239.61
166.25
294.86
138.07
181.05
159.63
175.68
59.40
92.93
108.28
110.01
134.68
187.98
148.62
213.00
181.05
208.03
175.68
231.63
92.93
82.32
110.01
83.00
155.20
168.76
244.10
253.66
208.03
208.72
231.63
229.10
82.32
52.96
83.00
72.36
126.83
191.73
204.46
264.89
222.58
230.03
236.19
247.55
72.36
60.95
74.72
89.13
170.97
187.35
214.52
204.83
230.03
202.92
247.55
198.42
60.95
97.40
89.13
91.18
232.01
219.62
268.78
255.51
202.92
168.05
198.42
180.83
97.40
132.46
91.18
97.55
201.81
220.97
292.72
299.23
168.05
159.21
180.83
163.83
132.46
66.41
97.55
107.64
180.87
207.59
283.04
307.80
159.21
167.87
163.83
186.42
66.41
108.28
107.64
80.22
239.61
230.83
294.86
265.02
167.87
212.14
186.42
253.37
108.28
110.01
80.22
108.85
187.98
216.84
213.00
254.36
212.14
234.11
253.37
270.41
110.01
83.00
108.85
111.30
168.76
233.97
253.66
392.69
234.11
222.58
270.41
236.19
83.00
72.36
111.30
74.72
191.73
267.96
264.89
371.14
187.61
196.49
209.14
214.73
74.72
89.13
96.94
67.76
187.35
217.54
204.83
239.70
196.49
227.11
214.73
237.66
89.13
91.18
67.76
99.51
219.62
178.15
255.51
185.84
227.11
219.06
237.66
249.89
91.18
97.55
99.51
143.47
220.97
170.62
299.23
241.94
219.06
228.70
249.89
296.62
97.55
107.64
143.47
107.93
207.59
157.20
307.80
246.66
228.70
216.67
296.62
256.41
107.64
80.22
107.93
59.71
230.83
218.90
265.02
346.49
216.67
193.20
256.41
253.25
80.22
108.85
59.71
137.87
216.84
264.17
254.36
332.68
193.20
217.72
253.25
261.92
108.85
111.30
137.87
139.48
233.97
244.38
392.69
333.19
217.72
187.61
261.92
209.14
111.30
74.72
139.48
96.94
267.96
226.63
371.14
305.68
100.97
153.05
119.09
183.81
96.94
67.76
142.23
91.95
217.54
210.91
239.70
276.22
153.05
191.64
183.81
224.71
67.76
99.51
91.95
42.89
178.15
152.07
185.84
174.89
191.64
219.84
224.71
242.11
99.51
143.47
42.89
75.07
170.62
128.59
241.94
189.05
219.84
230.27
242.11
233.44
143.47
107.93
75.07
56.64
157.20
136.70
246.66
218.88
230.27
214.06
233.44
212.22
107.93
59.71
56.64
71.79
218.90
207.42
346.49
276.21
214.06
169.46
212.22
143.55
59.71
137.87
71.79
107.09
264.17
248.81
332.68
331.03
169.46
125.41
143.55
110.39
137.87
139.48
107.09
150.82
244.38
177.89
333.19
266.63
125.41
100.97
110.39
119.09
139.48
96.94
150.82
142.23
226.63
210.46
305.68
240.65
106.09
151.16
96.90
172.76
142.23
91.95
139.38
150.87
210.91
222.60
276.22
321.82
151.16
165.04
172.76
170.72
91.95
42.89
150.87
54.61
152.07
182.10
174.89
243.71
165.04
170.00
170.72
160.19
42.89
75.07
54.61
62.62
128.59
97.24
189.05
130.32
170.00
204.91
160.19
196.95
75.07
56.64
62.62
54.10
136.70
133.51
218.88
219.25
204.91
185.16
196.95
170.85
56.64
71.79
54.10
56.56
207.42
222.21
276.21
284.88
185.16
124.09
170.85
90.42
71.79
107.09
56.56
113.15
248.81
260.56
331.03
333.01
124.09
82.86
90.42
59.76
107.09
150.82
113.15
167.40
177.89
184.39
266.63
281.65
82.86
106.09
59.76
96.90
150.82
142.23
167.40
139.38
210.46
226.61
240.65
259.59
147.15
145.64
137.03
139.11
139.38
150.87
176.60
210.62
222.60
274.31
321.82
416.88
145.64
136.95
139.11
129.88
150.87
54.61
210.62
68.16
182.10
231.11
243.71
307.73
136.95
136.17
129.88
149.43
54.61
62.62
68.16
87.21
97.24
115.02
130.32
147.08
136.17
177.88
149.43
210.67
62.62
54.10
87.21
94.97
133.51
159.69
219.25
276.87
177.88
160.28
210.67
158.30
54.10
56.56
94.97
44.83
222.21
303.28
284.88
376.24
160.28
118.24
158.30
92.02
56.56
113.15
44.83
99.61
260.56
292.66
333.01
351.95
118.24
121.09
92.02
73.55
113.15
167.40
99.61
127.97
184.39
192.25
281.65
309.51
121.09
147.15
73.55
137.03
167.40
139.38
127.97
176.60
