141.52
209.27
246.24
341.45
237.92
247.80
254.22
254.57
54.19
104.48
61.80
119.99
109.22
122.09
137.04
181.77
247.80
261.31
254.57
266.32
104.48
87.92
119.99
105.94
121.14
122.29
168.76
188.35
261.31
262.30
266.32
257.67
87.92
102.55
105.94
120.61
90.23
103.26
156.76
167.91
262.30
258.67
257.67
251.28
102.55
88.10
120.61
89.96
127.96
126.40
211.55
254.37
258.67
250.13
251.28
238.93
88.10
76.68
89.96
126.63
149.23
169.09
206.77
245.36
250.13
230.06
238.93
233.40
76.68
84.32
126.63
154.92
112.71
130.74
168.56
195.96
230.06
220.14
233.40
238.83
84.32
75.55
154.92
168.85
147.01
169.25
220.60
266.24
220.14
237.92
238.83
254.22
75.55
54.19
168.85
61.80
209.27
114.89
341.45
285.29
282.10
277.86
286.92
257.83
61.80
119.99
75.81
124.10
122.09
121.94
181.77
175.76
277.86
252.80
257.83
229.31
119.99
105.94
124.10
158.14
122.29
126.32
188.35
148.37
252.80
235.66
229.31
259.16
105.94
120.61
158.14
122.41
103.26
96.17
167.91
239.75
235.66
239.40
259.16
189.05
120.61
89.96
122.41
177.70
126.40
98.80
254.37
238.13
239.40
229.32
189.05
195.58
89.96
126.63
177.70
142.92
169.09
123.60
245.36
191.78
229.32
247.37
195.58
206.65
126.63
154.92
142.92
146.52
130.74
131.05
195.96
176.14
247.37
288.79
206.65
273.30
154.92
168.85
146.52
169.20
169.25
137.68
266.24
300.12
288.79
282.10
273.30
286.92
168.85
61.80
169.20
75.81
114.89
168.14
285.29
360.57
374.49
273.58
440.25
275.65
75.81
124.10
96.59
164.51
121.94
202.86
175.76
260.65
273.58
163.03
275.65
127.43
124.10
158.14
164.51
165.59
126.32
210.94
148.37
225.45
163.03
131.51
127.43
99.24
158.14
122.41
165.59
92.79
96.17
143.76
239.75
297.35
131.51
145.81
99.24
174.51
122.41
177.70
92.79
132.62
98.80
155.63
238.13
180.19
145.81
172.63
174.51
104.30
177.70
142.92
132.62
112.45
123.60
205.10
191.78
283.97
172.63
222.85
104.30
208.67
142.92
146.52
112.45
79.84
131.05
207.16
176.14
267.75
222.85
313.36
208.67
339.77
146.52
169.20
79.84
142.25
137.68
191.82
300.12
304.88
313.36
374.49
339.77
440.25
169.20
75.81
142.25
96.59
168.14
314.79
360.57
474.42
295.00
197.42
284.04
148.36
96.59
164.51
109.72
129.48
202.86
310.80
260.65
331.35
197.42
142.63
148.36
131.63
164.51
165.59
129.48
218.76
210.94
252.31
225.45
418.88
142.63
135.27
131.63
211.87
165.59
92.79
218.76
130.23
143.76
173.32
297.35
280.11
135.27
131.42
211.87
163.38
92.79
132.62
130.23
154.35
155.63
184.71
180.19
258.56
131.42
121.33
163.38
116.30
132.62
112.45
154.35
96.97
205.10
248.54
283.97
316.98
121.33
154.28
116.30
209.55
112.45
79.84
96.97
110.89
207.16
278.97
267.75
327.95
154.28
230.36
209.55
284.87
79.84
142.25
110.89
158.15
191.82
195.92
304.88
328.26
230.36
295.00
284.87
284.04
142.25
96.59
158.15
109.72
314.79
307.67
474.42
451.77
131.17
110.08
174.10
91.98
109.72
129.48
86.28
118.11
310.80
307.04
331.35
364.60
110.08
145.62
91.98
124.68
129.48
218.76
118.11
224.61
252.31
241.80
418.88
378.78
145.62
133.29
124.68
166.69
218.76
130.23
224.61
141.04
173.32
151.34
280.11
280.28
133.29
124.46
166.69
187.51
130.23
154.35
141.04
138.76
184.71
145.75
258.56
257.30
124.46
163.77
187.51
184.22
154.35
96.97
138.76
105.60
248.54
234.43
316.98
326.26
163.77
190.76
184.22
196.23
96.97
110.89
105.60
150.16
278.97
286.33
327.95
328.26
190.76
164.96
196.23
135.20
110.89
158.15
150.16
177.91
195.92
187.33
328.26
280.86
164.96
131.17
135.20
174.10
158.15
109.72
177.91
86.28
307.67
145.08
451.77
311.27
214.02
69.37
197.15
66.30
86.28
118.11
85.27
124.25
307.04
209.63
364.60
323.71
69.37
170.99
66.30
128.28
118.11
224.61
124.25
144.64
241.80
215.33
378.78
230.67
170.99
213.12
128.28
257.41
224.61
141.04
144.64
132.43
151.34
152.63
280.28
235.05
213.12
237.70
257.41
298.78
141.04
138.76
132.43
92.96
145.75
97.90
257.30
190.25
237.70
269.42
298.78
307.76
138.76
105.60
92.96
92.07
234.43
174.50
326.26
241.73
269.42
255.74
307.76
308.60
105.60
150.16
92.07
100.15
286.33
226.72
328.26
245.99
255.74
236.46
308.60
266.79
150.16
177.91
100.15
187.94
187.33
268.07
280.86
377.17
236.46
214.02
266.79
197.15
177.91
86.28
187.94
85.27
145.08
112.18
311.27
246.56
184.85
159.21
202.69
155.42
85.27
124.25
106.46
112.57
209.63
201.23
323.71
298.75
159.21
233.89
155.42
242.63
124.25
144.64
112.57
63.59
215.33
215.62
230.67
294.41
233.89
327.85
242.63
348.54
144.64
132.43
63.59
153.50
152.63
141.30
235.05
193.39
327.85
380.37
348.54
438.10
132.43
92.96
153.50
173.06
97.90
74.50
190.25
236.05
380.37
364.08
438.10
400.18
92.96
92.07
173.06
74.87
174.50
148.64
241.73
241.47
364.08
263.04
400.18
199.10
92.07
100.15
74.87
170.10
226.72
224.40
245.99
246.89
263.04
205.79
199.10
192.69
100.15
187.94
170.10
183.30
268.07
286.45
377.17
438.78
205.79
184.85
192.69
202.69
187.94
85.27
183.30
106.46
112.18
164.33
246.56
283.10
352.96
341.52
364.04
318.17
106.46
112.57
190.20
167.95
201.23
293.15
298.75
402.90
341.52
356.37
318.17
352.62
112.57
63.59
167.95
68.52
215.62
316.65
294.41
353.02
356.37
333.57
352.62
362.86
63.59
153.50
68.52
113.00
141.30
208.72
193.39
328.85
333.57
338.21
362.86
365.77
153.50
173.06
113.00
202.29
74.50
168.52
236.05
366.75
338.21
341.26
365.77
328.24
173.06
74.87
202.29
90.88
148.64
333.94
241.47
472.62
341.26
356.70
328.24
360.30
74.87
170.10
90.88
84.77
224.40
323.98
246.89
397.70
356.70
395.52
360.30
455.75
170.10
183.30
84.77
130.91
286.45
249.59
438.78
388.94
395.52
352.96
455.75
364.04
183.30
106.46
130.91
190.20
