62.69
100.27
120.03
176.82
153.01
142.73
160.85
152.18
61.57
46.05
73.89
71.12
47.06
97.32
100.40
159.66
142.73
134.92
152.18
142.11
46.05
63.14
71.12
90.94
56.21
112.38
107.09
174.00
134.92
145.66
142.11
147.19
63.14
82.61
90.94
81.79
61.41
101.88
116.14
172.49
145.66
153.16
147.19
162.44
82.61
84.95
81.79
97.80
67.50
107.60
117.23
162.00
153.16
139.20
162.44
147.35
84.95
83.86
97.80
95.13
59.55
104.21
98.41
172.44
139.20
130.76
147.35
159.22
83.86
61.08
95.13
115.92
51.96
92.44
99.04
166.32
130.76
148.99
159.22
183.63
61.08
51.34
115.92
104.80
64.39
100.01
121.26
183.05
148.99
153.01
183.63
160.85
51.34
61.57
104.80
73.89
100.27
149.71
176.82
208.35
133.30
152.01
126.63
132.20
73.89
71.12
58.58
45.16
97.32
150.15
159.66
198.42
152.01
135.23
132.20
116.08
71.12
90.94
45.16
68.16
112.38
152.29
174.00
193.95
135.23
98.13
116.08
94.33
90.94
81.79
68.16
73.93
101.88
150.92
172.49
208.98
98.13
103.37
94.33
88.57
81.79
97.80
73.93
60.26
107.60
121.22
162.00
182.21
103.37
102.29
88.57
102.29
97.80
95.13
60.26
98.51
104.21
137.52
172.44
189.96
102.29
114.43
102.29
115.10
95.13
115.92
98.51
89.72
92.44
145.91
166.32
185.89
114.43
126.44
115.10
124.68
115.92
104.80
89.72
72.33
100.01
157.18
183.05
209.88
126.44
133.30
124.68
126.63
104.80
73.89
72.33
58.58
149.71
158.90
208.35
209.10
161.06
158.58
165.37
164.51
58.58
45.16
66.20
80.23
150.15
153.36
198.42
224.83
158.58
164.54
164.51
147.00
45.16
68.16
80.23
108.50
152.29
161.15
193.95
228.01
164.54
143.71
147.00
123.35
68.16
73.93
108.50
100.20
150.92
159.61
208.98
241.79
143.71
132.45
123.35
127.68
73.93
60.26
100.20
58.38
121.22
168.81
182.21
231.75
132.45
171.09
127.68
150.34
60.26
98.51
58.38
78.11
137.52
184.54
189.96
219.45
171.09
160.76
150.34
162.22
98.51
89.72
78.11
96.85
145.91
172.07
185.89
210.75
160.76
167.78
162.22
175.79
89.72
72.33
96.85
82.33
157.18
171.96
209.88
226.40
167.78
161.06
175.79
165.37
72.33
58.58
82.33
66.20
158.90
174.36
209.10
241.38
180.87
181.24
173.77
186.71
66.20
80.23
99.80
62.29
153.36
159.48
224.83
195.82
181.24
164.22
186.71
181.97
80.23
108.50
62.29
74.92
161.15
167.41
228.01
215.10
164.22
155.76
181.97
161.96
108.50
100.20
74.92
76.87
159.61
153.72
241.79
219.95
155.76
159.58
161.96
141.35
100.20
58.38
76.87
79.42
168.81
163.72
231.75
240.28
159.58
157.22
141.35
152.43
58.38
78.11
79.42
74.43
184.54
165.11
219.45
210.20
157.22
177.33
152.43
171.90
78.11
96.85
74.43
72.72
172.07
165.72
210.75
220.47
177.33
175.97
171.90
176.17
96.85
82.33
72.72
71.43
171.96
171.91
226.40
263.54
175.97
180.87
176.17
173.77
82.33
66.20
71.43
99.80
174.36
209.29
241.38
277.74
174.28
148.76
164.89
149.91
99.80
62.29
71.72
73.89
159.48
200.17
195.82
244.64
148.76
143.12
149.91
144.64
62.29
74.92
73.89
65.48
167.41
185.97
215.10
221.56
143.12
152.73
144.64
159.61
74.92
76.87
65.48
84.26
153.72
181.08
219.95
242.40
152.73
161.46
159.61
175.43
76.87
79.42
84.26
76.01
163.72
197.91
240.28
250.30
161.46
165.28
175.43
164.02
79.42
74.43
76.01
56.95
165.11
199.08
210.20
258.78
165.28
154.22
164.02
174.26
74.43
72.72
56.95
92.34
165.72
205.71
220.47
263.75
154.22
170.91
174.26
177.45
72.72
71.43
92.34
77.16
171.91
216.88
263.54
277.71
170.91
174.28
177.45
164.89
71.43
99.80
77.16
71.72
209.29
241.42
277.74
290.64
141.97
150.53
143.75
146.98
71.72
73.89
70.17
66.63
200.17
214.47
244.64
269.06
150.53
153.16
146.98
153.37
73.89
65.48
66.63
57.01
185.97
212.62
221.56
242.04
153.16
174.42
153.37
168.65
65.48
84.26
57.01
62.85
181.08
204.28
242.40
257.65
174.42
175.36
168.65
169.87
84.26
76.01
62.85
58.16
197.91
204.94
250.30
267.15
175.36
169.80
169.87
162.40
76.01
56.95
58.16
65.30
199.08
229.05
258.78
278.47
169.80
147.81
162.40
139.21
56.95
92.34
65.30
83.94
205.71
227.54
263.75
285.15
147.81
135.83
139.21
137.84
92.34
77.16
83.94
78.25
216.88
230.71
277.71
278.36
135.83
141.97
137.84
143.75
77.16
71.72
78.25
70.17
241.42
212.49
290.64
279.22
120.11
131.25
116.77
130.94
70.17
66.63
73.23
81.12
214.47
226.36
269.06
276.53
131.25
132.71
130.94
136.00
66.63
57.01
81.12
68.18
212.62
190.69
242.04
237.43
132.71
165.96
136.00
142.64
57.01
62.85
68.18
118.41
204.28
169.44
257.65
232.08
165.96
142.31
142.64
140.29
62.85
58.16
118.41
55.54
204.94
199.93
267.15
254.04
142.31
153.11
140.29
132.97
58.16
65.30
55.54
99.09
229.05
211.60
278.47
274.41
153.11
137.38
132.97
112.64
65.30
83.94
99.09
113.96
227.54
234.97
285.15
290.83
137.38
122.27
112.64
103.59
83.94
78.25
113.96
78.56
230.71
210.71
278.36
288.25
122.27
120.11
103.59
116.77
78.25
70.17
78.56
73.23
212.49
138.24
279.22
244.62
165.19
120.31
127.76
122.12
73.23
81.12
120.37
94.25
226.36
243.42
276.53
317.27
120.31
117.67
122.12
126.26
81.12
68.18
94.25
72.86
190.69
176.80
237.43
301.41
117.67
176.48
126.26
173.26
68.18
118.41
72.86
150.55
169.44
99.57
232.08
172.75
176.48
206.61
173.26
168.44
118.41
55.54
150.55
117.50
199.93
172.66
254.04
269.82
206.61
185.22
168.44
136.83
55.54
99.09
117.50
185.50
211.60
229.67
274.41
279.69
185.22
166.83
136.83
130.91
99.09
113.96
185.50
166.28
234.97
158.36
290.83
284.62
166.83
179.71
130.91
114.07
113.96
78.56
166.28
168.38
210.71
156.01
288.25
294.11
179.71
165.19
114.07
127.76
78.56
73.23
168.38
120.37
