137.73
110.01
198.95
186.11
201.37
204.38
210.17
206.65
61.18
49.02
71.23
57.91
87.41
116.68
135.76
161.99
204.38
188.52
206.65
197.14
49.02
71.52
57.91
80.21
109.38
146.93
149.50
203.84
188.52
174.03
197.14
180.13
71.52
75.18
80.21
81.83
129.94
141.67
193.62
209.64
174.03
178.03
180.13
185.38
75.18
66.43
81.83
76.71
148.74
156.39
218.33
205.60
178.03
183.28
185.38
187.15
66.43
71.64
76.71
71.85
127.16
139.69
159.28
200.74
183.28
184.60
187.15
198.84
71.64
83.13
71.85
89.34
100.98
111.89
141.08
182.88
184.60
192.27
198.84
233.78
83.13
78.18
89.34
119.40
137.94
134.80
205.98
218.13
192.27
201.37
233.78
210.17
78.18
61.18
119.40
71.23
110.01
131.12
186.11
236.05
184.41
166.43
179.06
158.99
71.23
57.91
53.90
74.69
116.68
140.63
161.99
182.79
166.43
129.73
158.99
132.81
57.91
80.21
74.69
137.47
146.93
162.33
203.84
187.59
129.73
109.13
132.81
96.78
80.21
81.83
137.47
114.04
141.67
135.82
209.64
240.59
109.13
99.82
96.78
90.66
81.83
76.71
114.04
65.01
156.39
131.27
205.60
201.57
99.82
113.07
90.66
120.77
76.71
71.85
65.01
65.71
139.69
147.93
200.74
170.00
113.07
162.88
120.77
170.69
71.85
89.34
65.71
92.16
111.89
135.73
182.88
154.41
162.88
178.95
170.69
187.09
89.34
119.40
92.16
78.68
134.80
155.44
218.13
237.90
178.95
184.41
187.09
179.06
119.40
71.23
78.68
53.90
131.12
131.27
236.05
203.17
198.69
181.72
216.26
200.44
53.90
74.69
71.22
62.75
140.63
167.51
182.79
215.09
181.72
156.08
200.44
164.64
74.69
137.47
62.75
98.93
162.33
219.43
187.59
259.86
156.08
113.64
164.64
87.12
137.47
114.04
98.93
126.50
135.82
193.48
240.59
283.47
113.64
128.98
87.12
104.52
114.04
65.01
126.50
62.41
131.27
177.75
201.57
273.50
128.98
142.45
104.52
153.38
65.01
65.71
62.41
103.03
147.93
227.63
170.00
278.74
142.45
175.78
153.38
172.16
65.71
92.16
103.03
107.79
135.73
183.68
154.41
209.88
175.78
198.69
172.16
219.15
92.16
78.68
107.79
81.09
155.44
168.81
237.90
247.63
198.69
198.69
219.15
216.26
78.68
53.90
81.09
71.22
131.27
187.96
203.17
260.31
209.54
213.29
216.34
228.12
71.22
62.75
77.68
83.59
167.51
180.37
215.09
199.57
213.29
191.01
228.12
188.22
62.75
98.93
83.59
88.43
219.43
208.54
259.86
246.10
191.01
164.34
188.22
176.36
98.93
126.50
88.43
93.81
193.48
209.07
283.47
284.68
164.34
154.94
176.36
155.14
126.50
62.41
93.81
101.59
177.75
199.25
273.50
294.85
154.94
162.81
155.14
177.85
62.41
103.03
101.59
79.10
227.63
215.92
278.74
251.01
162.81
204.26
177.85
237.03
103.03
107.79
79.10
101.95
183.68
205.95
209.88
246.13
204.26
222.60
237.03
252.86
107.79
81.09
101.95
100.83
168.81
223.45
247.63
370.79
222.60
209.54
252.86
216.34
81.09
71.22
100.83
77.68
187.96
257.68
260.31
354.75
176.25
179.54
197.56
194.45
77.68
83.59
92.50
68.03
180.37
212.94
199.57
239.23
179.54
206.59
194.45
216.21
83.59
88.43
68.03
93.83
208.54
174.28
246.10
188.90
206.59
206.02
216.21
232.99
88.43
93.81
93.83
133.27
209.07
170.70
284.68
241.05
206.02
216.80
232.99
275.51
93.81
101.59
133.27
101.54
199.25
162.88
294.85
246.46
216.80
203.31
275.51
237.63
101.59
79.10
101.54
58.92
215.92
212.73
251.01
328.50
203.31
184.24
237.63
239.36
79.10
101.95
58.92
128.13
205.95
253.16
246.13
320.32
184.24
208.12
239.36
247.62
101.95
100.83
128.13
128.26
223.45
237.95
370.79
320.99
208.12
176.25
247.62
197.56
100.83
77.68
128.26
92.50
257.68
227.73
354.75
301.57
106.37
145.79
121.72
170.12
92.50
68.03
130.08
87.08
212.94
211.30
239.23
274.85
145.79
182.97
170.12
208.31
68.03
93.83
87.08
44.12
174.28
158.72
188.90
185.40
182.97
210.16
208.31
226.23
93.83
133.27
44.12
72.16
170.70
140.04
241.05
200.06
210.16
220.76
226.23
221.91
133.27
101.54
72.16
56.24
162.88
147.26
246.46
226.44
220.76
206.33
221.91
203.64
101.54
58.92
56.24
70.30
212.73
209.99
328.50
275.18
206.33
164.58
203.64
140.36
58.92
128.13
70.30
102.13
253.16
244.85
320.32
322.94
164.58
124.39
140.36
112.75
128.13
128.26
102.13
138.45
237.95
184.70
320.99
266.82
124.39
106.37
112.75
121.72
128.26
92.50
138.45
130.08
227.73
207.03
301.57
245.27
107.22
146.26
99.34
163.81
130.08
87.08
128.18
137.53
211.30
222.85
274.85
313.61
146.26
157.33
163.81
161.85
87.08
44.12
137.53
53.87
158.72
181.55
185.40
241.62
157.33
164.10
161.85
154.98
44.12
72.16
53.87
71.78
140.04
108.71
200.06
145.64
164.10
192.27
154.98
185.63
72.16
56.24
71.78
53.08
147.26
144.33
226.44
224.92
192.27
175.55
185.63
163.17
56.24
70.30
53.08
62.41
209.99
220.36
275.18
282.91
175.55
123.94
163.17
92.91
70.30
102.13
62.41
111.75
244.85
255.80
322.94
325.76
123.94
86.50
92.91
65.01
102.13
138.45
111.75
152.28
184.70
187.19
266.82
282.33
86.50
107.22
65.01
99.34
138.45
130.08
152.28
128.18
207.03
211.60
245.27
254.40
132.87
136.27
128.28
133.51
128.18
137.53
164.07
190.79
222.85
269.06
313.61
399.42
136.27
130.68
133.51
127.22
137.53
53.87
190.79
66.94
181.55
220.89
241.62
303.52
130.68
140.29
127.22
152.81
53.87
71.78
66.94
94.46
108.71
103.98
145.64
130.08
140.29
172.88
152.81
198.97
71.78
53.08
94.46
92.03
144.33
160.72
224.92
274.85
172.88
156.55
198.97
153.29
53.08
62.41
92.03
66.96
220.36
290.74
282.91
359.32
156.55
119.47
153.29
96.95
62.41
111.75
66.96
101.48
255.80
269.68
325.76
340.64
119.47
116.40
96.95
78.58
111.75
152.28
101.48
130.85
187.19
183.60
282.33
305.85
116.40
132.87
78.58
128.28
152.28
128.18
130.85
164.07
