143.61
189.71
240.03
310.43
228.23
233.47
241.84
240.02
55.02
92.51
63.42
106.69
105.08
121.55
133.17
175.07
233.47
242.87
240.02
246.66
92.51
85.15
106.69
100.06
120.58
128.27
165.86
192.35
242.87
242.16
246.66
238.43
85.15
97.23
100.06
112.76
99.97
108.88
166.56
176.99
242.16
237.17
238.43
234.57
97.23
82.78
112.76
86.46
135.21
132.77
216.96
245.06
237.17
227.23
234.57
225.69
82.78
74.56
86.46
113.09
147.43
161.80
199.90
236.17
227.23
209.24
225.69
218.55
74.56
84.99
113.09
140.45
110.22
122.13
163.85
191.76
209.24
204.19
218.55
227.24
84.99
76.79
140.45
159.43
147.81
158.32
221.05
256.45
204.19
228.23
227.24
241.84
76.79
55.02
159.43
63.42
189.71
116.46
310.43
276.45
263.61
251.99
266.55
230.26
63.42
106.69
71.16
115.73
121.55
124.84
175.07
175.85
251.99
226.75
230.26
201.95
106.69
100.06
115.73
155.90
128.27
133.06
192.35
155.70
226.75
210.31
201.95
223.91
100.06
112.76
155.90
120.29
108.88
101.09
176.99
234.78
210.31
211.32
223.91
167.74
112.76
86.46
120.29
155.38
132.77
104.08
245.06
230.91
211.32
203.09
167.74
179.79
86.46
113.09
155.38
125.57
161.80
126.50
236.17
185.99
203.09
230.19
179.79
199.98
113.09
140.45
125.57
135.14
122.13
130.65
191.76
166.65
230.19
268.87
199.98
256.78
140.45
159.43
135.14
151.69
158.32
138.39
256.45
288.40
268.87
263.61
256.78
266.55
159.43
63.42
151.69
71.16
116.46
153.56
276.45
324.85
341.01
256.30
396.97
259.66
71.16
115.73
88.87
141.78
124.84
192.30
175.85
246.97
256.30
161.53
259.66
133.64
115.73
155.90
141.78
151.48
133.06
214.82
155.70
231.05
161.53
126.25
133.64
91.39
155.90
120.29
151.48
100.41
101.09
154.87
234.78
295.95
126.25
141.68
91.39
149.56
120.29
155.38
100.41
115.16
104.08
159.45
230.91
199.53
141.68
163.59
149.56
110.53
155.38
125.57
115.16
109.80
126.50
208.96
185.99
284.04
163.59
211.78
110.53
200.84
125.57
135.14
109.80
84.19
130.65
198.32
166.65
248.35
211.78
291.60
200.84
317.89
135.14
151.69
84.19
129.92
138.39
183.66
288.40
289.34
291.60
341.01
317.89
396.97
151.69
71.16
129.92
88.87
153.56
274.94
324.85
417.52
277.78
202.68
269.29
167.11
88.87
141.78
99.11
121.14
192.30
282.15
246.97
301.97
202.68
152.71
167.11
141.59
141.78
151.48
121.14
193.05
214.82
244.68
231.05
384.57
152.71
132.96
141.59
187.06
151.48
100.41
193.05
116.98
154.87
182.62
295.95
281.35
132.96
126.44
187.06
153.63
100.41
115.16
116.98
136.63
159.45
188.53
199.53
265.76
126.44
122.97
153.63
122.27
115.16
109.80
136.63
90.06
208.96
243.16
284.04
304.59
122.97
163.10
122.27
217.00
109.80
84.19
90.06
107.78
198.32
258.63
248.35
302.83
163.10
230.14
217.00
280.74
84.19
129.92
107.78
148.19
183.66
191.40
289.34
331.25
230.14
277.78
280.74
269.29
129.92
88.87
148.19
99.11
274.94
276.57
417.52
402.48
121.71
121.96
151.97
114.08
99.11
121.14
81.33
107.59
282.15
283.30
301.97
335.33
121.96
159.15
114.08
145.07
121.14
193.05
107.59
199.53
244.68
226.21
384.57
338.99
159.15
145.07
145.07
174.99
193.05
116.98
199.53
136.97
182.62
153.28
281.35
272.27
145.07
134.93
174.99
196.02
116.98
136.63
136.97
123.13
188.53
145.55
265.76
253.92
134.93
164.25
196.02
188.30
136.63
90.06
123.13
90.27
243.16
226.43
304.59
324.14
164.25
178.95
188.30
188.47
90.06
107.78
90.27
146.19
258.63
274.09
302.83
316.12
178.95
153.12
188.47
129.91
107.78
148.19
146.19
167.59
191.40
183.95
331.25
279.99
153.12
121.71
129.91
151.97
148.19
99.11
167.59
81.33
276.57
143.65
402.48
279.15
165.45
63.41
151.06
65.15
81.33
107.59
85.49
115.83
283.30
204.66
335.33
309.92
63.41
157.75
65.15
136.72
107.59
199.53
115.83
122.17
226.21
200.62
338.99
215.94
157.75
203.40
136.72
232.79
199.53
136.97
122.17
119.87
153.28
142.74
272.27
223.65
203.40
226.58
232.79
265.43
136.97
123.13
119.87
84.52
145.55
94.53
253.92
190.37
226.58
246.70
265.43
267.61
123.13
90.27
84.52
86.02
226.43
170.89
324.14
238.18
246.70
227.86
267.61
266.81
90.27
146.19
86.02
99.54
274.09
226.09
316.12
248.57
227.86
201.57
266.81
218.17
146.19
167.59
99.54
168.04
183.95
236.76
279.99
342.54
201.57
165.45
218.17
151.06
167.59
81.33
168.04
85.49
143.65
123.76
279.15
233.79
163.32
148.99
173.16
154.70
85.49
115.83
110.64
118.36
204.66
204.91
309.92
302.48
148.99
213.15
154.70
226.06
115.83
122.17
118.36
56.90
200.62
208.73
215.94
283.37
213.15
293.80
226.06
306.83
122.17
119.87
56.90
135.03
142.74
127.53
223.65
176.18
293.80
343.62
306.83
387.50
119.87
84.52
135.03
149.24
94.53
77.09
190.37
229.59
343.62
325.33
387.50
351.97
84.52
86.02
149.24
69.59
170.89
158.52
238.18
240.79
325.33
231.75
351.97
174.78
86.02
99.54
69.59
155.60
226.09
229.83
248.57
261.85
231.75
177.17
174.78
154.88
99.54
168.04
155.60
170.45
236.76
256.83
342.54
398.09
177.17
163.32
154.88
173.16
168.04
85.49
170.45
110.64
123.76
176.68
233.79
277.65
309.22
301.59
316.53
280.78
110.64
118.36
187.24
174.20
204.91
288.76
302.48
404.92
301.59
310.86
280.78
305.00
118.36
56.90
174.20
66.82
208.73
298.53
283.37
343.77
310.86
285.97
305.00
306.75
56.90
135.03
66.82
106.75
127.53
186.45
176.18
289.28
285.97
297.34
306.75
324.34
135.03
149.24
106.75
180.20
77.09
165.48
229.59
343.72
297.34
294.56
324.34
283.65
149.24
69.59
180.20
78.54
158.52
327.34
240.79
453.17
294.56
302.92
283.65
301.41
69.59
155.60
78.54
87.66
229.83
317.04
261.85
387.89
302.92
335.92
301.41
374.36
155.60
170.45
87.66
130.12
256.83
233.07
398.09
372.24
335.92
309.22
374.36
316.53
170.45
110.64
130.12
187.24
