107.20
105.12
165.97
181.97
179.92
176.38
188.25
182.44
60.94
47.72
72.21
63.17
70.94
107.91
120.60
160.10
176.38
160.13
182.44
168.69
47.72
67.19
63.17
84.30
87.96
132.57
132.47
191.87
160.13
150.02
168.69
157.44
67.19
75.94
84.30
81.27
102.47
125.61
162.31
194.76
150.02
153.76
157.44
161.75
75.94
73.34
81.27
84.90
116.08
136.23
177.59
187.79
153.76
153.95
161.75
159.44
73.34
76.03
84.90
80.95
99.82
124.86
132.94
189.03
153.95
154.29
159.44
168.61
76.03
74.14
80.95
99.93
81.08
101.37
123.84
176.05
154.29
168.69
168.61
205.13
74.14
67.14
99.93
113.50
108.39
120.27
171.44
203.41
168.69
179.92
205.13
188.25
67.14
60.94
113.50
72.21
105.12
138.10
181.97
224.34
163.78
158.85
157.82
147.13
72.21
63.17
55.77
59.49
107.91
144.22
160.10
188.75
158.85
124.86
147.13
125.29
63.17
84.30
59.49
109.74
132.57
158.09
191.87
189.71
124.86
99.78
125.29
94.19
84.30
81.27
109.74
96.50
125.61
141.56
194.76
227.60
99.78
92.47
94.19
84.41
81.27
84.90
96.50
62.86
136.23
125.90
187.79
193.62
92.47
104.83
84.41
108.18
84.90
80.95
62.86
78.64
124.86
142.32
189.03
177.76
104.83
137.10
108.18
146.40
80.95
99.93
78.64
90.89
101.37
138.86
176.05
166.55
137.10
155.26
146.40
159.44
99.93
113.50
90.89
73.57
120.27
156.02
203.41
226.04
155.26
163.78
159.44
157.82
113.50
72.21
73.57
55.77
138.10
141.36
224.34
203.11
180.81
170.11
192.83
185.14
55.77
59.49
69.06
68.26
144.22
161.20
188.75
217.63
170.11
157.35
185.14
156.25
59.49
109.74
68.26
102.39
158.09
195.04
189.71
244.32
157.35
123.61
156.25
98.30
109.74
96.50
102.39
115.17
141.56
178.18
227.60
265.80
123.61
123.98
98.30
105.07
96.50
62.86
115.17
57.30
125.90
172.79
193.62
255.51
123.98
152.73
105.07
146.33
62.86
78.64
57.30
92.75
142.32
206.55
177.76
250.05
152.73
167.36
146.33
166.58
78.64
90.89
92.75
103.37
138.86
176.94
166.55
206.88
167.36
182.80
166.58
197.43
90.89
73.57
103.37
79.39
156.02
169.47
226.04
237.22
182.80
180.81
197.43
192.83
73.57
55.77
79.39
69.06
141.36
181.42
203.11
251.92
189.81
188.50
185.71
198.38
69.06
68.26
85.27
73.55
161.20
168.95
217.63
193.39
188.50
172.86
198.38
176.10
68.26
102.39
73.55
82.98
195.04
188.84
244.32
230.19
172.86
158.84
176.10
168.92
102.39
115.17
82.98
86.64
178.18
185.92
265.80
256.92
158.84
151.58
168.92
143.27
115.17
57.30
86.64
90.85
172.79
183.67
255.51
270.74
151.58
156.45
143.27
163.83
57.30
92.75
90.85
77.04
206.55
189.96
250.05
228.05
156.45
190.75
163.83
206.98
92.75
103.37
77.04
88.99
176.94
186.61
206.88
232.56
190.75
201.44
206.98
219.48
103.37
79.39
88.99
83.27
169.47
202.57
237.22
327.35
201.44
189.81
219.48
185.71
79.39
69.06
83.27
85.27
181.42
237.64
251.92
322.79
163.68
154.38
178.82
162.67
85.27
73.55
83.86
69.51
168.95
205.71
193.39
239.87
154.38
171.24
162.67
178.47
73.55
82.98
69.51
82.49
188.84
172.79
230.19
198.79
171.24
181.87
178.47
200.92
82.98
86.64
82.49
113.16
185.92
172.86
256.92
240.43
181.87
193.70
200.92
234.12
86.64
90.85
113.16
89.80
183.67
175.69
270.74
247.01
193.70
181.44
234.12
203.14
90.85
77.04
89.80
57.72
189.96
203.63
228.05
295.92
181.44
168.90
203.14
212.30
77.04
88.99
57.72
110.67
186.61
232.48
232.56
296.55
168.90
190.80
212.30
219.24
88.99
83.27
110.67
106.51
202.57
227.18
327.35
299.79
190.80
163.68
219.24
178.82
83.27
85.27
106.51
83.86
237.64
231.65
322.79
295.23
119.12
139.26
128.92
150.59
83.86
69.51
105.90
77.99
205.71
212.33
239.87
272.32
139.26
168.07
150.59
179.85
69.51
82.49
77.99
48.10
172.79
176.85
198.79
207.38
168.07
192.99
179.85
197.98
82.49
113.16
48.10
67.29
172.86
164.63
240.43
222.66
192.99
202.11
197.98
199.81
113.16
89.80
67.29
56.23
175.69
169.55
247.01
242.19
202.11
191.21
199.81
186.77
89.80
57.72
56.23
67.79
203.63
216.43
295.92
274.83
191.21
156.24
186.77
136.91
57.72
110.67
67.79
93.36
232.48
237.40
296.55
307.26
156.24
125.82
136.91
120.56
110.67
106.51
93.36
113.93
227.18
201.04
299.79
269.38
125.82
119.12
120.56
128.92
106.51
83.86
113.93
105.90
231.65
204.40
295.23
256.84
110.88
138.21
105.32
147.95
105.90
77.99
105.92
112.26
212.33
223.79
272.32
297.93
138.21
144.35
147.95
147.33
77.99
48.10
112.26
56.31
176.85
182.87
207.38
238.72
144.35
158.33
147.33
147.11
48.10
67.29
56.31
90.31
164.63
132.54
222.66
178.77
158.33
169.16
147.11
164.85
67.29
56.23
90.31
52.54
169.55
166.33
242.19
236.42
169.16
160.90
164.85
149.24
56.23
67.79
52.54
76.00
216.43
216.76
274.83
279.23
160.90
126.64
149.24
99.51
67.79
93.36
76.00
110.77
237.40
246.83
307.26
311.50
126.64
97.99
99.51
78.69
93.36
113.93
110.77
122.28
201.04
195.03
269.38
284.22
97.99
110.88
78.69
105.32
113.93
105.90
122.28
105.92
204.40
181.65
256.84
247.20
124.82
122.91
118.73
125.37
105.92
112.26
142.02
151.44
223.79
258.67
297.93
365.39
122.91
121.46
125.37
124.30
112.26
56.31
151.44
66.94
182.87
201.56
238.72
298.62
121.46
152.01
124.30
160.32
56.31
90.31
66.94
113.97
132.54
90.71
178.77
123.00
152.01
175.30
160.32
180.42
90.31
52.54
113.97
94.79
166.33
164.60
236.42
272.04
175.30
159.05
180.42
144.86
52.54
76.00
94.79
113.76
216.76
265.95
279.23
326.31
159.05
131.46
144.86
109.00
76.00
110.77
113.76
118.93
246.83
224.21
311.50
318.10
131.46
127.20
109.00
91.15
110.77
122.28
118.93
141.82
195.03
168.89
284.22
299.83
127.20
124.82
91.15
118.73
122.28
105.92
141.82
142.02
