150.57
131.84
221.81
218.42
212.88
215.91
222.00
218.37
59.44
59.08
68.82
67.68
96.83
121.20
137.38
163.95
215.91
207.96
218.37
213.66
59.08
76.85
67.68
83.39
119.98
147.53
159.36
205.26
207.96
197.85
213.66
199.66
76.85
81.28
83.39
89.77
132.26
137.54
198.24
206.61
197.85
197.55
199.66
204.33
81.28
67.83
89.77
76.15
157.53
157.21
233.30
221.06
197.55
196.38
204.33
204.65
67.83
70.36
76.15
76.79
142.40
148.42
179.63
212.85
196.38
191.45
204.65
209.23
70.36
87.01
76.79
97.82
109.17
114.23
152.55
185.95
191.45
195.49
209.23
235.24
87.01
81.76
97.82
131.51
151.27
141.64
222.75
232.03
195.49
212.88
235.24
222.00
81.76
59.44
131.51
68.82
131.84
124.34
218.42
250.56
210.98
186.21
208.00
171.58
68.82
67.68
57.44
91.10
121.20
135.09
163.95
178.40
186.21
155.15
171.58
142.53
67.68
83.39
91.10
151.80
147.53
156.13
205.26
178.72
155.15
137.66
142.53
125.07
83.39
89.77
151.80
120.80
137.54
123.70
206.61
239.39
137.66
131.26
125.07
110.34
89.77
76.15
120.80
88.46
157.21
125.85
221.06
211.42
131.26
134.63
110.34
139.04
76.15
76.79
88.46
75.02
148.42
143.49
212.85
170.61
134.63
187.59
139.04
185.85
76.79
97.82
75.02
102.78
114.23
132.85
185.95
149.69
187.59
210.45
185.85
213.25
97.82
131.51
102.78
99.50
141.64
149.11
232.03
254.74
210.45
210.98
213.25
208.00
131.51
68.82
99.50
57.44
124.34
127.46
250.56
229.26
241.42
205.19
269.78
218.81
57.44
91.10
73.77
78.06
135.09
172.60
178.40
218.65
205.19
157.62
218.81
159.28
91.10
151.80
78.06
110.39
156.13
227.48
178.72
257.40
157.62
113.40
159.28
82.23
151.80
120.80
110.39
124.28
123.70
189.79
239.39
293.16
113.40
134.75
82.23
106.28
120.80
88.46
124.28
73.18
125.85
174.69
211.42
261.54
134.75
142.48
106.28
144.91
88.46
75.02
73.18
107.26
143.49
229.95
170.61
290.55
142.48
186.27
144.91
180.90
75.02
102.78
107.26
102.59
132.85
186.47
149.69
214.12
186.27
228.20
180.90
252.94
102.78
99.50
102.59
94.18
149.11
169.60
254.74
258.19
228.20
241.42
252.94
269.78
99.50
57.44
94.18
73.77
127.46
194.76
229.26
284.34
233.93
222.39
240.09
226.90
73.77
78.06
77.14
96.86
172.60
206.66
218.65
224.58
222.39
189.30
226.90
182.41
78.06
110.39
96.86
116.37
227.48
224.96
257.40
285.99
189.30
153.79
182.41
165.93
110.39
124.28
116.37
96.02
189.79
211.24
293.16
292.98
153.79
144.49
165.93
154.06
124.28
73.18
96.02
106.42
174.69
202.30
261.54
295.60
144.49
152.54
154.06
166.48
73.18
107.26
106.42
79.56
229.95
232.42
290.55
273.11
152.54
198.40
166.48
243.47
107.26
102.59
79.56
106.52
186.47
220.04
214.12
256.95
198.40
232.53
243.47
272.05
102.59
94.18
106.52
119.94
169.60
215.95
258.19
371.25
232.53
233.93
272.05
240.09
94.18
73.77
119.94
77.14
194.76
250.38
284.34
349.28
160.23
175.63
177.18
188.85
77.14
96.86
88.24
77.21
206.66
228.62
224.58
259.72
175.63
208.71
188.85
213.53
96.86
116.37
77.21
124.44
224.96
187.44
285.99
222.59
208.71
198.01
213.53
226.83
116.37
96.02
124.44
138.48
211.24
164.95
292.98
249.23
198.01
200.88
226.83
264.92
96.02
106.42
138.48
102.95
202.30
152.52
295.60
247.53
200.88
197.67
264.92
233.61
106.42
79.56
102.95
59.98
232.42
216.90
273.11
336.46
197.67
180.32
233.61
225.35
79.56
106.52
59.98
138.73
220.04
260.32
256.95
318.91
180.32
188.23
225.35
216.56
106.52
119.94
138.73
144.11
215.95
220.71
371.25
312.42
188.23
160.23
216.56
177.18
119.94
77.14
144.11
88.24
250.38
196.22
349.28
275.41
75.94
123.94
85.50
148.80
88.24
77.21
122.81
96.06
228.62
205.64
259.72
281.54
123.94
171.40
148.80
198.03
77.21
124.44
96.06
58.97
187.44
162.17
222.59
181.81
171.40
207.83
198.03
222.97
124.44
138.48
58.97
85.01
164.95
128.02
249.23
195.77
207.83
222.19
222.97
222.95
138.48
102.95
85.01
62.32
152.52
119.85
247.53
208.01
222.19
211.90
222.95
204.66
102.95
59.98
62.32
73.52
216.90
191.76
336.46
259.69
211.90
173.13
204.66
163.25
59.98
138.73
73.52
103.78
260.32
239.65
318.91
302.34
173.13
129.38
163.25
113.85
138.73
144.11
103.78
143.85
220.71
179.51
312.42
272.75
129.38
75.94
113.85
85.50
144.11
88.24
143.85
122.81
196.22
186.18
275.41
229.88
113.93
144.84
105.72
165.89
122.81
96.06
130.75
141.64
205.64
217.81
281.54
316.51
144.84
170.70
165.89
182.64
96.06
58.97
141.64
51.00
162.17
188.58
181.81
252.81
170.70
198.20
182.64
191.98
58.97
85.01
51.00
80.30
128.02
100.45
195.77
136.90
198.20
237.74
191.98
241.53
85.01
62.32
80.30
77.83
119.85
114.97
208.01
219.38
237.74
216.81
241.53
213.19
62.32
73.52
77.83
58.31
191.76
203.80
259.69
267.71
216.81
146.83
213.19
108.35
73.52
103.78
58.31
120.56
239.65
251.68
302.34
313.93
146.83
100.92
108.35
63.65
103.78
143.85
120.56
160.33
179.51
194.15
272.75
300.60
100.92
113.93
63.65
105.72
143.85
122.81
160.33
130.75
186.18
211.72
229.88
263.49
184.02
183.60
178.76
172.30
130.75
141.64
179.07
200.10
217.81
277.42
316.51
413.33
183.60
177.98
172.30
168.79
141.64
51.00
200.10
66.59
188.58
247.01
252.81
316.58
177.98
161.49
168.79
168.60
51.00
80.30
66.59
91.09
100.45
130.08
136.90
177.14
161.49
196.83
168.60
227.21
80.30
77.83
91.09
115.47
114.97
158.37
219.38
288.64
196.83
179.59
227.21
175.66
77.83
58.31
115.47
49.19
203.80
308.91
267.71
395.33
179.59
154.17
175.66
134.25
58.31
120.56
49.19
96.57
251.68
298.21
313.93
360.40
154.17
166.70
134.25
137.11
120.56
160.33
96.57
128.35
194.15
201.82
300.60
324.47
166.70
184.02
137.11
178.76
160.33
130.75
128.35
179.07
