92.11
103.15
150.04
180.11
170.13
163.79
178.26
171.39
61.02
47.13
72.75
65.81
62.83
104.00
113.47
159.63
163.79
148.90
171.39
157.22
47.13
65.49
65.81
86.45
77.30
125.63
123.99
185.90
148.90
143.84
157.22
150.43
65.49
77.47
86.45
81.27
88.76
117.64
146.78
187.33
143.84
148.30
150.43
156.74
77.47
77.07
81.27
89.13
99.80
126.43
157.33
179.05
148.30
144.42
156.74
150.86
77.07
78.49
89.13
85.62
86.25
117.74
120.56
183.36
144.42
142.86
150.86
159.98
78.49
69.72
85.62
105.24
71.24
97.38
115.41
172.73
142.86
159.70
159.98
194.66
69.72
61.75
105.24
110.58
93.66
113.26
154.42
196.37
159.70
170.13
194.66
178.26
61.75
61.02
110.58
72.75
103.15
141.83
180.11
218.78
153.55
155.93
147.32
141.74
72.75
65.81
56.71
53.20
104.00
146.12
159.63
191.88
155.93
126.02
141.74
121.93
65.81
86.45
53.20
95.87
125.63
156.08
185.90
190.98
126.02
97.42
121.93
93.67
86.45
81.27
95.87
88.34
117.64
144.59
187.33
221.26
97.42
93.27
93.67
84.01
81.27
89.13
88.34
61.91
126.43
123.87
179.05
189.75
93.27
102.55
84.01
104.32
89.13
85.62
61.91
85.22
117.74
140.22
183.36
181.75
102.55
126.91
104.32
135.13
85.62
105.24
85.22
90.40
97.38
140.91
172.73
172.87
126.91
144.56
135.13
146.75
105.24
110.58
90.40
72.26
113.26
156.37
196.37
220.42
144.56
153.55
146.75
147.32
110.58
72.75
72.26
56.71
141.83
146.92
218.78
204.32
173.17
165.42
182.50
177.95
56.71
53.20
68.05
71.83
146.12
158.36
191.88
219.58
165.42
159.05
177.95
152.70
53.20
95.87
71.83
104.32
156.08
183.31
190.98
237.88
159.05
129.73
152.70
105.81
95.87
88.34
104.32
109.87
144.59
171.34
221.26
257.44
129.73
124.74
105.81
110.13
88.34
61.91
109.87
56.44
123.87
170.99
189.75
247.13
124.74
158.51
110.13
145.73
61.91
85.22
56.44
87.74
140.22
197.76
181.75
237.94
158.51
164.31
145.73
164.58
85.22
90.40
87.74
101.18
140.91
174.59
172.87
207.05
164.31
176.49
164.58
188.56
90.40
72.26
101.18
79.65
156.37
170.10
220.42
232.94
176.49
173.17
188.56
182.50
72.26
56.71
79.65
68.05
146.92
178.69
204.32
248.14
183.81
181.66
176.53
189.52
68.05
71.83
89.76
69.20
158.36
164.69
219.58
192.62
181.66
167.24
189.52
174.78
71.83
104.32
69.20
80.28
183.31
180.47
237.88
223.90
167.24
157.10
174.78
166.01
104.32
109.87
80.28
83.24
171.34
174.78
257.44
243.87
157.10
152.56
166.01
140.45
109.87
56.44
83.24
86.32
170.99
176.52
247.13
259.74
152.56
155.31
140.45
158.64
56.44
87.74
86.32
76.10
197.76
179.47
237.94
219.63
155.31
185.28
158.64
193.67
87.74
101.18
76.10
83.05
174.59
178.42
207.05
227.36
185.28
192.00
193.67
203.94
101.18
79.65
83.05
76.95
170.10
192.25
232.94
305.86
192.00
183.81
203.94
176.53
79.65
68.05
76.95
89.76
178.69
227.93
248.14
307.33
163.26
147.66
172.08
152.95
89.76
69.20
79.69
70.70
164.69
203.14
192.62
240.97
147.66
157.71
152.95
163.35
69.20
80.28
70.70
76.82
180.47
175.22
223.90
205.43
157.71
171.03
163.35
186.03
80.28
83.24
76.82
103.31
174.78
174.95
243.87
240.70
171.03
182.58
186.03
213.98
83.24
86.32
103.31
84.60
176.52
182.74
259.74
247.77
182.58
173.54
213.98
188.02
86.32
76.10
84.60
57.32
179.47
200.85
219.63
281.74
173.54
162.77
188.02
199.21
76.10
83.05
57.32
103.30
178.42
222.92
227.36
285.21
162.77
183.26
199.21
205.20
83.05
76.95
103.30
96.16
192.25
222.93
305.86
291.03
183.26
163.26
205.20
172.08
76.95
89.76
96.16
79.69
227.93
234.41
307.33
293.03
126.31
140.29
133.38
145.69
79.69
70.70
93.89
73.85
203.14
212.97
240.97
271.16
140.29
162.03
145.69
168.48
70.70
76.82
73.85
50.74
175.22
187.84
205.43
218.75
162.03
185.71
168.48
186.14
76.82
103.31
50.74
65.39
174.95
177.55
240.70
234.20
185.71
193.01
186.14
189.33
103.31
84.60
65.39
56.62
182.74
181.13
247.77
250.35
193.01
183.87
189.33
178.51
84.60
57.32
56.62
66.78
200.85
220.27
281.74
275.49
183.87
152.84
178.51
136.69
57.32
103.30
66.78
89.66
222.92
233.93
285.21
299.69
152.84
128.19
136.69
125.71
103.30
96.16
89.66
101.84
222.93
210.35
291.03
271.71
128.19
126.31
125.71
133.38
96.16
79.69
101.84
93.89
234.41
205.45
293.03
263.68
113.45
135.16
108.82
141.25
93.89
73.85
94.89
100.68
212.97
224.49
271.16
290.49
135.16
139.31
141.25
142.01
73.85
50.74
100.68
59.33
187.84
184.72
218.75
237.90
139.31
158.72
142.01
144.59
50.74
65.39
59.33
99.65
177.55
144.72
234.20
196.18
158.72
158.99
144.59
155.63
65.39
56.62
99.65
53.05
181.13
177.47
250.35
242.24
158.99
156.27
155.63
143.12
56.62
66.78
53.05
83.43
220.27
215.00
275.49
277.53
156.27
129.40
143.12
103.50
66.78
89.66
83.43
111.22
233.93
242.65
299.69
304.51
129.40
105.30
103.50
86.58
89.66
101.84
111.22
107.46
210.35
199.84
271.71
285.41
105.30
113.45
86.58
108.82
101.84
93.89
107.46
94.89
205.45
166.80
263.68
245.23
132.35
119.53
118.61
123.02
94.89
100.68
132.97
132.03
224.49
253.54
290.49
348.91
119.53
118.78
123.02
124.10
100.68
59.33
132.03
68.16
184.72
192.62
237.90
298.11
118.78
159.35
124.10
164.42
59.33
99.65
68.16
125.44
144.72
89.81
196.18
133.09
159.35
182.48
164.42
174.10
99.65
53.05
125.44
100.27
177.47
167.09
242.24
271.07
182.48
165.10
174.10
141.53
53.05
83.43
100.27
137.58
215.00
253.72
277.53
310.32
165.10
141.41
141.53
115.88
83.43
111.22
137.58
132.72
242.65
201.85
304.51
306.89
141.41
141.19
115.88
98.36
111.22
107.46
132.72
149.53
199.84
163.27
285.41
297.48
141.19
132.35
98.36
118.61
107.46
94.89
149.53
132.97
