233.60
221.14
291.15
337.57
521.36
513.12
521.41
562.18
93.61
61.82
95.42
121.86
172.90
159.91
187.65
233.05
513.12
460.00
562.18
510.41
61.82
34.77
121.86
118.95
139.11
157.58
208.77
232.00
460.00
456.15
510.41
524.11
34.77
64.80
118.95
148.79
168.02
164.16
206.52
248.22
456.15
460.19
524.11
491.67
64.80
101.55
148.79
128.81
225.15
192.75
259.22
315.56
460.19
476.48
491.67
446.60
101.55
92.47
128.81
104.69
240.50
253.44
318.16
366.38
476.48
497.63
446.60
453.93
92.47
39.71
104.69
115.98
157.57
166.27
236.32
235.00
497.63
493.87
453.93
446.10
39.71
80.00
115.98
134.26
179.04
205.15
219.71
304.38
493.87
521.36
446.10
521.41
80.00
93.61
134.26
95.42
221.14
137.38
337.57
238.98
415.37
433.65
436.67
459.28
95.42
121.86
101.24
104.48
159.91
146.67
233.05
216.17
433.65
430.02
459.28
468.94
121.86
118.95
104.48
77.54
157.58
148.88
232.00
209.85
430.02
443.94
468.94
544.81
118.95
148.79
77.54
63.47
164.16
108.00
248.22
186.51
443.94
407.74
544.81
460.24
148.79
128.81
63.47
125.32
192.75
75.11
315.56
107.74
407.74
334.66
460.24
304.50
128.81
104.69
125.32
114.71
253.44
198.49
366.38
289.83
334.66
334.66
304.50
295.44
104.69
115.98
114.71
87.92
166.27
166.41
235.00
244.06
334.66
382.52
295.44
379.61
115.98
134.26
87.92
113.31
205.15
185.28
304.38
307.56
382.52
415.37
379.61
436.67
134.26
95.42
113.31
101.24
137.38
189.29
238.98
330.91
413.97
355.47
490.09
394.27
101.24
104.48
134.52
133.44
146.67
213.96
216.17
292.61
355.47
254.16
394.27
248.08
104.48
77.54
133.44
102.84
148.88
176.35
209.85
228.32
254.16
178.48
248.08
140.36
77.54
63.47
102.84
70.26
108.00
119.04
186.51
209.11
178.48
162.80
140.36
168.32
63.47
125.32
70.26
106.60
75.11
116.12
107.74
132.75
162.80
193.33
168.32
182.37
125.32
114.71
106.60
114.33
198.49
236.61
289.83
342.43
193.33
258.65
182.37
249.05
114.71
87.92
114.33
96.18
166.41
217.24
244.06
307.54
258.65
357.62
249.05
386.46
87.92
113.31
96.18
119.81
185.28
255.42
307.56
393.21
357.62
413.97
386.46
490.09
113.31
101.24
119.81
134.52
189.29
290.21
330.91
432.21
452.58
287.55
544.56
318.95
134.52
133.44
170.32
112.91
213.96
274.87
292.61
395.76
287.55
201.41
318.95
168.48
133.44
102.84
112.91
148.13
176.35
213.49
228.32
309.23
201.41
176.18
168.48
189.68
102.84
70.26
148.13
104.19
119.04
160.95
209.11
223.38
176.18
189.74
189.68
196.97
70.26
106.60
104.19
126.94
116.12
227.90
132.75
330.01
189.74
228.36
196.97
235.37
106.60
114.33
126.94
136.06
236.61
247.63
342.43
351.35
228.36
253.56
235.37
252.79
114.33
96.18
136.06
82.37
217.24
291.80
307.54
408.05
253.56
338.55
252.79
388.38
96.18
119.81
82.37
150.92
255.42
246.15
393.21
360.66
338.55
452.58
388.38
544.56
119.81
134.52
150.92
170.32
290.21
306.49
432.21
449.66
448.58
338.20
527.68
366.35
170.32
112.91
142.55
70.62
274.87
224.61
395.76
309.66
338.20
204.55
366.35
127.54
112.91
148.13
70.62
161.31
213.49
195.07
309.23
300.96
204.55
181.83
127.54
142.83
148.13
104.19
161.31
109.52
160.95
195.75
223.38
278.60
181.83
214.39
142.83
225.12
104.19
126.94
109.52
149.37
227.90
339.45
330.01
532.55
214.39
339.96
225.12
450.57
126.94
136.06
149.37
160.59
247.63
235.85
351.35
330.56
339.96
381.65
450.57
461.88
136.06
82.37
160.59
153.18
291.80
264.14
408.05
342.12
381.65
359.67
461.88
380.06
82.37
150.92
153.18
167.66
246.15
224.42
360.66
332.39
359.67
448.58
380.06
527.68
150.92
170.32
167.66
142.55
306.49
211.22
449.66
365.40
350.70
222.62
389.47
237.21
142.55
70.62
108.41
82.49
224.61
133.72
309.66
183.99
222.62
154.57
237.21
133.94
70.62
161.31
82.49
115.69
195.07
137.30
300.96
182.06
154.57
149.65
133.94
125.95
161.31
109.52
115.69
65.49
195.75
184.41
278.60
247.14
149.65
296.46
125.95
283.04
109.52
149.37
65.49
90.46
339.45
184.83
532.55
241.10
296.46
604.82
283.04
740.99
149.37
160.59
90.46
96.43
235.85
231.39
330.56
346.72
604.82
557.97
740.99
640.93
160.59
153.18
96.43
114.36
264.14
196.22
342.12
252.58
557.97
466.65
640.93
558.49
153.18
167.66
114.36
139.91
224.42
222.45
332.39
295.95
466.65
350.70
558.49
389.47
167.66
142.55
139.91
108.41
211.22
195.82
365.40
320.96
287.18
271.25
296.56
248.43
108.41
82.49
76.32
82.14
133.72
108.83
183.99
156.35
271.25
308.44
248.43
279.03
82.49
115.69
82.14
97.26
137.30
137.67
182.06
198.37
308.44
404.04
279.03
455.49
115.69
65.49
97.26
118.82
184.41
155.31
247.14
213.55
404.04
427.01
455.49
461.48
65.49
90.46
118.82
106.09
184.83
183.83
241.10
277.42
427.01
424.80
461.48
461.55
90.46
96.43
106.09
66.34
231.39
199.95
346.72
315.28
424.80
375.24
461.55
386.58
96.43
114.36
66.34
159.77
196.22
168.24
252.58
223.33
375.24
310.18
386.58
326.33
114.36
139.91
159.77
153.41
222.45
240.16
295.95
347.53
310.18
287.18
326.33
296.56
139.91
108.41
153.41
76.32
195.82
107.35
320.96
189.29
614.80
494.19
738.79
501.36
76.32
82.14
159.55
112.14
108.83
211.57
156.35
295.94
494.19
425.59
501.36
422.76
82.14
97.26
112.14
32.94
137.67
261.97
198.37
336.25
425.59
392.19
422.76
404.52
97.26
118.82
32.94
94.79
155.31
202.51
213.55
298.95
392.19
408.19
404.52
418.56
118.82
106.09
94.79
170.33
183.83
263.61
277.42
446.84
408.19
495.22
418.56
512.14
106.09
66.34
170.33
161.81
199.95
316.56
315.28
477.98
495.22
623.89
512.14
709.80
66.34
159.77
161.81
78.13
168.24
254.49
223.33
340.71
623.89
653.18
709.80
787.34
159.77
153.41
78.13
92.74
240.16
217.99
347.53
321.13
653.18
614.80
787.34
738.79
153.41
76.32
92.74
159.55
