145.82
170.28
233.89
279.54
220.69
223.08
232.14
228.86
56.18
80.83
65.14
93.50
101.58
121.23
131.92
169.81
223.08
227.43
228.86
230.84
80.83
82.39
93.50
94.32
120.20
134.49
163.31
196.51
227.43
224.32
230.84
221.96
82.39
91.91
94.32
104.99
110.31
116.75
176.78
186.51
224.32
219.23
221.96
220.82
91.91
77.61
104.99
82.99
142.57
140.13
222.39
236.36
219.23
209.78
220.82
215.31
77.61
72.79
82.99
100.08
145.68
155.80
193.09
227.63
209.78
195.01
215.31
209.14
72.79
85.66
100.08
126.08
108.78
116.26
159.59
188.66
195.01
194.27
209.14
222.67
85.66
78.25
126.08
150.06
148.80
149.84
221.56
247.44
194.27
220.69
222.67
232.14
78.25
56.18
150.06
65.14
170.28
118.58
279.54
267.71
245.53
227.66
246.54
205.75
65.14
93.50
66.55
107.43
121.23
128.01
169.81
176.33
227.66
201.53
205.75
177.30
93.50
94.32
107.43
154.09
134.49
140.33
196.51
163.20
201.53
185.39
177.30
189.40
94.32
104.99
154.09
119.30
116.75
107.47
186.51
233.02
185.39
183.77
189.40
147.21
104.99
82.99
119.30
133.07
140.13
110.47
236.36
224.05
183.77
178.14
147.21
164.89
82.99
100.08
133.07
108.39
155.80
130.88
227.63
180.52
178.14
214.29
164.89
194.23
100.08
126.08
108.39
124.01
116.26
130.83
188.66
158.90
214.29
249.14
194.23
241.10
126.08
150.06
124.01
134.23
149.84
140.59
247.44
276.91
249.14
245.53
241.10
246.54
150.06
65.14
134.23
66.55
118.58
141.44
267.71
290.60
307.64
239.12
354.02
244.70
66.55
107.43
82.30
119.52
128.01
183.53
176.33
235.19
239.12
160.13
244.70
141.22
107.43
154.09
119.52
137.54
140.33
218.88
163.20
238.36
160.13
121.51
141.22
85.82
154.09
119.30
137.54
108.22
107.47
166.29
233.02
294.78
121.51
138.43
85.82
128.41
119.30
133.07
108.22
98.89
110.47
163.93
224.05
219.66
138.43
155.45
128.41
119.84
133.07
108.39
98.89
108.03
130.88
214.47
180.52
285.15
155.45
201.86
119.84
193.56
108.39
124.01
108.03
89.54
130.83
191.76
158.90
232.43
201.86
270.11
193.56
296.11
124.01
134.23
89.54
117.75
140.59
177.14
276.91
276.21
270.11
307.64
296.11
354.02
134.23
66.55
117.75
82.30
141.44
239.80
290.60
365.04
261.76
208.65
256.90
186.57
82.30
119.52
89.83
112.91
183.53
254.86
235.19
273.99
208.65
164.01
186.57
153.66
119.52
137.54
112.91
167.39
218.88
237.54
238.36
350.85
164.01
135.52
153.66
169.59
137.54
108.22
167.39
106.32
166.29
192.06
294.78
283.96
135.52
127.20
169.59
148.66
108.22
98.89
106.32
121.92
163.93
192.75
219.66
274.44
127.20
129.25
148.66
133.44
98.89
108.03
121.92
84.66
214.47
238.64
285.15
293.05
129.25
173.61
133.44
225.22
108.03
89.54
84.66
105.98
191.76
241.55
232.43
281.99
173.61
230.50
225.22
277.23
89.54
117.75
105.98
138.46
177.14
193.67
276.21
339.84
230.50
261.76
277.23
256.90
117.75
82.30
138.46
89.83
239.80
255.06
365.04
366.30
123.15
137.65
141.92
138.19
89.83
112.91
79.97
97.23
254.86
261.99
273.99
307.86
137.65
174.44
138.19
166.97
112.91
167.39
97.23
174.47
237.54
211.78
350.85
299.57
174.44
160.37
166.97
188.40
167.39
106.32
174.47
135.15
192.06
156.22
283.96
264.41
160.37
152.57
188.40
213.01
106.32
121.92
135.15
111.15
192.75
146.63
274.44
251.17
152.57
170.55
213.01
198.56
121.92
84.66
111.15
76.75
238.64
220.73
293.05
325.15
170.55
172.92
198.56
191.19
84.66
105.98
76.75
142.93
241.55
265.43
281.99
310.34
172.92
153.32
191.19
145.98
105.98
138.46
142.93
158.38
193.67
189.06
339.84
285.26
153.32
123.15
145.98
141.92
138.46
89.83
158.38
79.97
255.06
153.05
366.30
260.89
121.70
74.82
111.24
85.45
79.97
97.23
92.86
108.20
261.99
202.40
307.86
298.31
74.82
153.14
85.45
152.58
97.23
174.47
108.20
100.11
211.78
186.72
299.57
202.68
153.14
199.22
152.58
217.83
174.47
135.15
100.11
107.67
156.22
135.14
264.41
213.20
199.22
220.18
217.83
240.08
135.15
111.15
107.67
76.49
146.63
97.53
251.17
193.49
220.18
228.85
240.08
234.80
111.15
76.75
76.49
80.80
220.73
172.77
325.15
240.13
228.85
203.80
234.80
227.59
76.75
142.93
80.80
99.95
265.43
228.13
310.34
259.71
203.80
170.47
227.59
173.98
142.93
158.38
99.95
153.09
189.06
210.24
285.26
312.42
170.47
121.70
173.98
111.24
158.38
79.97
153.09
92.86
153.05
143.82
260.89
226.43
143.54
143.25
145.93
156.51
92.86
108.20
116.20
125.24
202.40
208.94
298.31
306.76
143.25
195.28
156.51
210.45
108.20
100.11
125.24
52.24
186.72
201.91
202.68
272.71
195.28
260.63
210.45
266.44
100.11
107.67
52.24
116.64
135.14
115.69
213.20
160.61
260.63
307.46
266.44
337.63
107.67
76.49
116.64
125.42
97.53
85.83
193.49
224.59
307.46
287.60
337.63
304.51
76.49
80.80
125.42
64.97
172.77
171.46
240.13
245.14
287.60
201.59
304.51
151.27
80.80
99.95
64.97
142.26
228.13
236.24
259.71
278.19
201.59
149.63
151.27
118.74
99.95
153.09
142.26
161.93
210.24
229.74
312.42
360.58
149.63
143.54
118.74
145.93
153.09
92.86
161.93
116.20
143.82
189.27
226.43
272.55
266.16
261.89
269.55
243.82
116.20
125.24
184.39
181.74
208.94
284.66
306.76
407.34
261.89
265.76
243.82
258.08
125.24
52.24
181.74
65.91
201.91
280.84
272.71
334.61
265.76
240.29
258.08
253.66
52.24
116.64
65.91
100.96
115.69
165.97
160.61
250.56
240.29
259.10
253.66
286.33
116.64
125.42
100.96
158.30
85.83
162.28
224.59
322.47
259.10
250.63
286.33
241.95
125.42
64.97
158.30
67.07
171.46
320.96
245.14
433.80
250.63
250.37
241.95
243.37
64.97
142.26
67.07
90.59
236.24
310.41
278.19
378.40
250.37
277.26
243.37
293.51
142.26
161.93
90.59
129.42
229.74
219.28
360.58
355.89
277.26
266.16
293.51
269.55
161.93
116.20
129.42
184.39
