267.58
206.68
300.61
305.62
632.46
600.54
632.39
662.92
108.40
59.26
108.63
116.63
212.33
174.83
234.47
254.92
600.54
515.69
662.92
584.03
59.26
23.68
116.63
120.89
148.15
175.68
220.76
253.47
515.69
505.24
584.03
607.35
23.68
57.27
120.89
155.00
206.30
191.43
233.02
283.25
505.24
510.84
607.35
565.75
57.27
102.58
155.00
143.19
270.42
219.27
285.05
326.53
510.84
545.55
565.75
529.66
102.58
97.48
143.19
107.15
271.05
274.40
349.02
396.89
545.55
596.53
529.66
550.07
97.48
25.53
107.15
90.30
171.83
174.59
254.30
245.89
596.53
601.87
550.07
546.97
25.53
85.16
90.30
113.45
190.30
211.90
220.55
306.43
601.87
632.46
546.97
632.39
85.16
108.40
113.45
108.63
206.68
148.13
305.62
216.40
448.23
464.01
471.77
499.80
108.63
116.63
107.31
107.34
174.83
158.81
254.92
230.89
464.01
469.73
499.80
526.06
116.63
120.89
107.34
55.79
175.68
165.01
253.47
239.87
469.73
496.63
526.06
620.74
120.89
155.00
55.79
46.85
191.43
115.46
283.25
160.47
496.63
439.34
620.74
533.27
155.00
143.19
46.85
87.68
219.27
72.09
326.53
80.53
439.34
343.89
533.27
328.19
143.19
107.15
87.68
101.67
274.40
224.43
396.89
316.71
343.89
349.30
328.19
323.24
107.15
90.30
101.67
57.44
174.59
177.52
245.89
258.46
349.30
404.40
323.24
406.27
90.30
113.45
57.44
86.45
211.90
208.08
306.43
304.24
404.40
448.23
406.27
471.77
113.45
108.63
86.45
107.31
148.13
201.23
216.40
301.85
425.47
391.34
492.19
452.54
107.31
107.34
139.32
123.81
158.81
206.75
230.89
290.73
391.34
294.68
452.54
308.43
107.34
55.79
123.81
73.24
165.01
180.45
239.87
252.10
294.68
189.62
308.43
152.84
55.79
46.85
73.24
71.67
115.46
131.36
160.47
190.03
189.62
167.81
152.84
148.94
46.85
87.68
71.67
96.62
72.09
114.97
80.53
150.63
167.81
198.38
148.94
216.61
87.68
101.67
96.62
114.07
224.43
254.40
316.71
376.13
198.38
272.16
216.61
301.73
101.67
57.44
114.07
104.99
177.52
214.41
258.46
301.93
272.16
380.70
301.73
434.38
57.44
86.45
104.99
100.99
208.08
270.03
304.24
406.49
380.70
425.47
434.38
492.19
86.45
107.31
100.99
139.32
201.23
258.47
301.85
386.25
512.73
372.94
639.02
415.34
139.32
123.81
186.32
145.89
206.75
271.75
290.73
411.62
372.94
231.12
415.34
207.73
123.81
73.24
145.89
103.45
180.45
214.63
252.10
299.86
231.12
179.78
207.73
153.00
73.24
71.67
103.45
110.57
131.36
180.18
190.03
251.39
179.78
196.90
153.00
208.28
71.67
96.62
110.57
157.27
114.97
261.84
150.63
395.79
196.90
264.23
208.28
282.39
96.62
114.07
157.27
155.07
254.40
264.22
376.13
378.71
264.23
306.28
282.39
306.01
114.07
104.99
155.07
81.77
214.41
286.03
301.93
417.38
306.28
404.51
306.01
456.38
104.99
100.99
81.77
140.62
270.03
252.19
406.49
371.39
404.51
512.73
456.38
639.02
100.99
139.32
140.62
186.32
258.47
294.99
386.25
415.93
543.16
424.20
620.82
483.30
186.32
145.89
155.79
76.80
271.75
262.82
411.62
370.52
424.20
246.88
483.30
157.61
145.89
103.45
76.80
143.72
214.63
189.38
299.86
292.26
246.88
210.45
157.61
157.29
103.45
110.57
143.72
123.55
180.18
221.37
251.39
322.08
210.45
247.27
157.29
242.70
110.57
157.27
123.55
190.46
261.84
422.22
395.79
664.26
247.27
419.51
242.70
550.77
157.27
155.07
190.46
176.88
264.22
256.35
378.71
357.03
419.51
461.41
550.77
557.40
155.07
81.77
176.88
163.66
286.03
249.29
417.38
330.42
461.41
417.15
557.40
446.34
81.77
140.62
163.66
156.33
252.19
260.69
371.39
362.45
417.15
543.16
446.34
620.82
140.62
186.32
156.33
155.79
294.99
234.84
415.93
362.39
352.77
255.51
407.30
272.73
155.79
76.80
104.15
79.49
262.82
172.35
370.52
247.26
255.51
152.66
272.73
152.80
76.80
143.72
79.49
120.78
189.38
115.41
292.26
169.35
152.66
137.76
152.80
126.77
143.72
123.55
120.78
70.72
221.37
191.69
322.08
281.98
137.76
310.33
126.77
262.74
123.55
190.46
70.72
101.69
422.22
219.74
664.26
296.40
310.33
690.80
262.74
839.90
190.46
176.88
101.69
125.06
256.35
285.25
357.03
439.37
690.80
629.48
839.90
709.98
176.88
163.66
125.06
129.95
249.29
187.08
330.42
256.19
629.48
508.68
709.98
609.49
163.66
156.33
129.95
103.80
260.69
188.31
362.45
263.34
508.68
352.77
609.49
407.30
156.33
155.79
103.80
104.15
234.84
230.26
362.39
350.23
313.65
301.68
319.06
284.95
104.15
79.49
69.67
85.72
172.35
125.06
247.26
189.19
301.68
328.23
284.95
321.10
79.49
120.78
85.72
122.34
115.41
110.85
169.35
160.99
328.23
415.76
321.10
469.75
120.78
70.72
122.34
111.17
191.69
150.08
281.98
211.62
415.76
416.69
469.75
434.09
70.72
101.69
111.17
68.08
219.74
219.60
296.40
309.46
416.69
426.13
434.09
473.76
101.69
125.06
68.08
61.96
285.25
234.73
439.37
341.38
426.13
397.17
473.76
430.58
125.06
129.95
61.96
144.60
187.08
159.22
256.19
230.78
397.17
339.16
430.58
369.93
129.95
103.80
144.60
124.72
188.31
202.59
263.34
278.31
339.16
313.65
369.93
319.06
103.80
104.15
124.72
69.67
230.26
95.27
350.23
153.88
698.06
535.33
830.98
549.32
69.67
85.72
149.22
114.33
125.06
181.42
189.19
266.20
535.33
423.76
549.32
406.85
85.72
122.34
114.33
30.02
110.85
226.77
160.99
322.92
423.76
383.34
406.85
365.92
122.34
111.17
30.02
87.95
150.08
192.30
211.62
271.03
383.34
399.79
365.92
391.68
111.17
68.08
87.95
148.08
219.60
300.98
309.46
457.27
399.79
505.69
391.68
530.64
68.08
61.96
148.08
173.87
234.73
309.33
341.38
466.03
505.69
684.94
530.64
774.41
61.96
144.60
173.87
82.20
159.22
241.88
230.78
332.99
684.94
722.26
774.41
838.53
144.60
124.72
82.20
79.20
202.59
191.64
278.31
282.59
722.26
698.06
838.53
830.98
124.72
69.67
79.20
149.22
