250.56
213.81
295.86
321.55
576.18
556.24
575.91
612.04
100.96
57.87
102.00
118.65
191.94
167.24
210.00
243.37
556.24
487.36
612.04
546.60
57.87
27.53
118.65
119.69
143.41
166.59
214.63
242.58
487.36
480.36
546.60
565.14
27.53
59.93
119.69
151.63
187.07
177.57
219.73
265.72
480.36
485.11
565.14
528.20
59.93
101.94
151.63
135.78
247.64
205.99
271.94
321.00
485.11
510.15
528.20
487.16
101.94
94.85
135.78
104.02
255.70
263.82
333.56
381.61
510.15
545.96
487.16
500.71
94.85
32.62
104.02
102.91
164.53
169.92
245.27
240.22
545.96
546.84
500.71
495.06
32.62
82.43
102.91
123.83
184.67
207.99
220.08
305.38
546.84
576.18
495.06
575.91
82.43
100.96
123.83
102.00
213.81
142.62
321.55
227.53
431.35
448.49
453.86
479.32
102.00
118.65
104.16
104.61
167.24
152.67
243.37
223.44
448.49
449.52
479.32
497.19
118.65
119.69
104.61
65.47
166.59
156.81
242.58
224.78
449.52
469.91
497.19
582.14
119.69
151.63
65.47
54.14
177.57
111.62
265.72
173.31
469.91
423.34
582.14
496.60
151.63
135.78
54.14
106.19
205.99
73.40
321.00
90.05
423.34
339.17
496.60
316.15
135.78
104.02
106.19
106.78
263.82
211.41
381.61
303.25
339.17
341.70
316.15
308.95
104.02
102.91
106.78
72.56
169.92
171.92
240.22
251.07
341.70
392.78
308.95
392.35
102.91
123.83
72.56
98.66
207.99
196.30
305.38
305.47
392.78
431.35
392.35
453.86
123.83
102.00
98.66
104.16
142.62
193.88
227.53
314.71
417.69
372.21
489.22
421.99
104.16
104.61
136.84
126.30
152.67
210.17
223.44
291.41
372.21
274.02
421.99
277.90
104.61
65.47
126.30
87.24
156.81
177.64
224.78
239.19
274.02
183.96
277.90
146.17
65.47
54.14
87.24
70.85
111.62
124.69
173.31
198.49
183.96
164.98
146.17
157.20
54.14
106.19
70.85
99.85
73.40
114.82
90.05
140.94
164.98
195.33
157.20
199.21
106.19
106.78
99.85
113.98
211.41
245.16
303.25
358.55
195.33
264.64
199.21
273.70
106.78
72.56
113.98
100.52
171.92
215.39
251.07
304.35
264.64
367.48
273.70
407.78
72.56
98.66
100.52
110.28
196.30
262.53
305.47
399.66
367.48
417.69
407.78
489.22
98.66
104.16
110.28
136.84
193.88
272.27
314.71
406.41
481.49
329.15
590.86
366.80
136.84
126.30
177.94
127.47
210.17
270.23
291.41
402.18
329.15
216.15
366.80
187.44
126.30
87.24
127.47
125.12
177.64
212.43
239.19
298.90
216.15
177.94
187.44
170.90
87.24
70.85
125.12
104.94
124.69
169.91
198.49
234.60
177.94
193.22
170.90
201.55
70.85
99.85
104.94
138.69
114.82
244.22
140.94
361.65
193.22
246.04
201.55
258.51
99.85
113.98
138.69
144.91
245.16
254.58
358.55
363.48
246.04
279.48
258.51
278.28
113.98
100.52
144.91
80.92
215.39
287.85
304.35
411.89
279.48
370.49
278.28
420.93
100.52
110.28
80.92
145.58
262.53
248.78
399.66
365.38
370.49
481.49
420.93
590.86
110.28
136.84
145.58
177.94
272.27
298.36
406.41
430.21
495.55
381.06
573.97
424.73
177.94
127.47
148.96
70.85
270.23
237.75
402.18
334.24
381.06
225.27
424.73
142.15
127.47
125.12
70.85
149.47
212.43
189.92
298.90
291.63
225.27
195.68
142.15
148.30
125.12
104.94
149.47
114.50
169.91
208.08
234.60
297.65
195.68
230.45
148.30
233.07
104.94
138.69
114.50
167.54
244.22
380.36
361.65
597.42
230.45
379.03
233.07
500.25
138.69
144.91
167.54
167.98
254.58
244.41
363.48
342.17
379.03
420.53
500.25
508.87
144.91
80.92
167.98
157.58
287.85
255.89
411.89
335.82
420.53
387.75
508.87
412.61
80.92
145.58
157.58
161.67
248.78
240.68
365.38
346.07
387.75
495.55
412.61
573.97
145.58
177.94
161.67
148.96
298.36
222.14
430.21
362.17
351.27
238.88
398.12
254.81
148.96
70.85
106.27
79.04
237.75
148.97
334.24
208.80
238.88
151.23
254.81
142.03
70.85
149.47
79.04
115.08
189.92
124.02
291.63
173.65
151.23
140.63
142.03
113.48
149.47
114.50
115.08
63.85
208.08
187.46
297.65
262.44
140.63
302.67
113.48
270.42
114.50
167.54
63.85
94.86
380.36
201.67
597.42
267.30
302.67
647.67
270.42
790.32
167.54
167.98
94.86
109.54
244.41
256.71
342.17
391.17
647.67
593.59
790.32
675.33
167.98
157.58
109.54
121.55
255.89
191.20
335.82
253.29
593.59
487.50
675.33
583.73
157.58
161.67
121.55
121.11
240.68
203.51
346.07
276.08
487.50
351.27
583.73
398.12
161.67
148.96
121.11
106.27
222.14
212.65
362.17
334.67
299.68
286.02
306.52
266.21
106.27
79.04
72.78
83.23
148.97
113.72
208.80
167.71
286.02
317.25
266.21
298.02
79.04
115.08
83.23
109.06
124.02
123.45
173.65
178.79
317.25
408.57
298.02
461.29
115.08
63.85
109.06
112.83
187.46
152.30
262.44
211.89
408.57
421.03
461.29
446.48
63.85
94.86
112.83
85.71
201.67
201.47
267.30
292.20
421.03
423.98
446.48
464.80
94.86
109.54
85.71
63.75
256.71
216.77
391.17
327.78
423.98
385.23
464.80
408.31
109.54
121.55
63.75
151.81
191.20
163.23
253.29
226.78
385.23
323.48
408.31
346.51
121.55
121.11
151.81
139.05
203.51
220.37
276.08
312.27
323.48
299.68
346.51
306.52
121.11
106.27
139.05
72.78
212.65
101.20
334.67
171.36
654.79
513.22
784.29
524.18
72.78
83.23
154.14
111.95
113.72
196.31
167.71
280.65
513.22
423.23
524.18
414.04
83.23
109.06
111.95
30.02
123.45
244.20
178.79
329.46
423.23
386.21
414.04
384.69
109.06
112.83
30.02
90.84
152.30
196.05
211.89
282.59
386.21
403.15
384.69
405.06
112.83
85.71
90.84
158.14
201.47
281.95
292.20
451.70
403.15
499.95
405.06
521.14
85.71
63.75
158.14
167.76
216.77
312.52
327.78
471.58
499.95
653.19
521.14
741.76
63.75
151.81
167.76
79.97
163.23
246.73
226.78
335.27
653.19
685.69
741.76
811.78
151.81
139.05
79.97
85.96
220.37
204.57
312.27
301.76
685.69
654.79
811.78
784.29
139.05
72.78
85.96
154.14
