122.42
107.41
182.31
183.97
190.37
189.98
198.92
194.24
60.99
48.35
71.71
60.54
79.14
112.14
128.06
160.89
189.98
173.49
194.24
182.14
48.35
69.21
60.54
82.22
98.66
139.68
140.98
197.85
173.49
160.32
182.14
167.51
69.21
75.17
82.22
81.46
116.20
133.63
177.94
202.20
160.32
163.93
167.51
171.55
75.17
69.78
81.46
80.76
132.40
146.23
197.93
196.65
163.93
167.18
171.55
171.79
69.78
73.74
80.76
76.36
113.46
132.19
145.89
194.83
167.18
168.41
171.79
181.87
73.74
78.61
76.36
94.62
91.00
106.24
132.40
179.43
168.41
179.66
181.87
218.33
78.61
72.62
94.62
116.44
123.15
127.46
188.64
210.68
179.66
190.37
218.33
198.92
72.62
60.99
116.44
71.71
107.41
134.52
183.97
230.10
174.07
162.36
168.41
152.89
71.71
60.54
54.83
66.74
112.14
142.38
160.89
185.72
162.36
126.12
152.89
128.91
60.54
82.22
66.74
123.60
139.68
160.17
197.85
188.58
126.12
103.75
128.91
95.24
82.22
81.46
123.60
105.10
133.63
138.63
202.20
234.04
103.75
94.71
95.24
86.64
81.46
80.76
105.10
63.90
146.23
128.38
196.65
197.57
94.71
108.39
86.64
113.73
80.76
76.36
63.90
72.13
132.19
144.90
194.83
173.84
108.39
149.24
113.73
158.30
76.36
94.62
72.13
91.48
106.24
137.13
179.43
160.39
149.24
166.77
158.30
172.94
94.62
116.44
91.48
75.74
127.46
155.71
210.68
231.87
166.77
174.07
172.94
168.41
116.44
71.71
75.74
54.83
134.52
136.13
230.10
202.72
189.35
175.56
204.13
192.65
54.83
66.74
70.11
65.21
142.38
164.25
185.72
216.12
175.56
156.36
192.65
160.23
66.74
123.60
65.21
100.60
160.17
207.10
188.58
251.68
156.36
118.21
160.23
91.96
123.60
105.10
100.60
120.72
138.63
185.58
234.04
274.49
118.21
125.41
91.96
103.12
105.10
63.90
120.72
59.33
128.38
175.05
197.57
264.31
125.41
147.36
103.12
148.90
63.90
72.13
59.33
97.84
144.90
216.56
173.84
263.73
147.36
171.20
148.90
169.12
72.13
91.48
97.84
105.57
137.13
179.98
160.39
207.82
171.20
190.24
169.12
207.69
91.48
75.74
105.57
79.88
155.71
169.04
231.87
242.13
190.24
189.35
207.69
204.13
75.74
54.83
79.88
70.11
136.13
184.52
202.72
255.98
198.50
199.25
199.26
211.50
70.11
65.21
81.22
78.38
164.25
174.20
216.12
195.72
199.25
180.89
211.50
180.66
65.21
100.60
78.38
85.70
207.10
198.24
251.68
237.63
180.89
161.26
180.66
172.38
100.60
120.72
85.70
90.17
185.58
197.37
274.49
270.55
161.26
152.37
172.38
148.21
120.72
59.33
90.17
95.97
175.05
191.26
264.31
282.47
152.37
158.98
148.21
170.28
59.33
97.84
95.97
78.04
216.56
202.21
263.73
238.60
158.98
197.10
170.28
221.51
97.84
105.57
78.04
95.31
179.98
195.83
207.82
238.84
197.10
211.68
221.51
235.84
105.57
79.88
95.31
91.37
169.04
212.98
242.13
349.00
211.68
198.50
235.84
199.26
79.88
70.11
91.37
81.22
184.52
247.56
255.98
338.62
168.11
165.26
187.38
176.81
81.22
78.38
88.13
68.62
174.20
208.99
195.72
239.29
165.26
187.78
176.81
196.31
78.38
85.70
68.62
88.16
198.24
172.48
237.63
193.25
187.78
193.58
196.31
216.62
85.70
90.17
88.16
123.15
197.37
171.44
270.55
240.54
193.58
205.12
216.62
254.66
90.17
95.97
123.15
95.47
191.26
169.06
282.47
246.58
205.12
191.47
254.66
219.78
95.97
78.04
95.47
58.25
202.21
207.61
238.60
311.58
191.47
176.10
219.78
225.69
78.04
95.31
58.25
119.01
195.83
242.58
238.84
308.27
176.10
199.12
225.69
233.39
95.31
91.37
119.01
117.25
212.98
232.20
349.00
309.82
199.12
168.11
233.39
187.38
91.37
81.22
117.25
88.13
247.56
229.41
338.62
298.08
112.44
141.11
125.01
158.88
88.13
68.62
117.97
82.41
208.99
211.77
239.29
273.55
141.11
175.09
158.88
193.25
68.62
88.16
82.41
45.87
172.48
167.06
193.25
196.25
175.09
201.18
193.25
211.44
88.16
123.15
45.87
69.55
171.44
152.09
240.54
211.27
201.18
211.37
211.44
210.69
123.15
95.47
69.55
56.10
169.06
158.24
246.58
234.22
211.37
198.71
210.69
195.15
95.47
58.25
56.10
68.97
207.61
213.00
311.58
274.72
198.71
160.16
195.15
138.14
58.25
119.01
68.97
97.53
242.58
241.04
308.27
315.01
160.16
124.54
138.14
116.20
119.01
117.25
97.53
126.14
232.20
192.46
309.82
267.74
124.54
112.44
116.20
125.01
117.25
88.13
126.14
117.97
229.41
204.95
298.08
250.69
108.81
141.93
102.15
155.51
117.97
82.41
117.02
124.62
211.77
223.25
273.55
305.64
141.93
150.39
155.51
154.00
82.41
45.87
124.62
54.45
167.06
181.81
196.25
239.96
150.39
160.15
154.00
150.60
45.87
69.55
54.45
81.02
152.09
120.51
211.27
161.87
160.15
180.31
150.60
174.89
69.55
56.10
81.02
52.55
158.24
155.27
234.22
230.64
180.31
167.40
174.89
155.95
56.10
68.97
52.55
68.95
213.00
218.54
274.72
281.02
167.40
124.80
155.95
95.96
68.97
97.53
68.95
110.95
241.04
251.22
315.01
318.59
124.80
91.65
95.96
71.43
97.53
126.14
110.95
137.23
192.46
190.77
267.74
283.19
91.65
108.81
71.43
102.15
126.14
117.97
137.23
117.02
204.95
196.61
250.69
250.26
125.00
128.58
122.04
128.89
117.02
124.62
152.47
171.05
223.25
263.84
305.64
382.25
128.58
125.47
128.89
125.35
124.62
54.45
171.05
66.52
181.81
211.02
239.96
300.46
125.47
145.61
125.35
156.44
54.45
81.02
66.52
103.52
120.51
95.57
161.87
121.92
145.61
172.01
156.44
188.80
81.02
52.55
103.52
91.97
155.27
162.43
230.64
273.28
172.01
156.13
188.80
148.80
52.55
68.95
91.97
90.15
218.54
278.30
281.02
342.66
156.13
123.99
148.80
102.65
68.95
110.95
90.15
108.19
251.22
246.84
318.59
329.35
123.99
118.54
102.65
84.51
110.95
137.23
108.19
135.53
190.77
175.73
283.19
302.62
118.54
125.00
84.51
122.04
137.23
117.02
135.53
152.47
