148.15
150.98
227.82
248.85
215.52
217.13
225.45
221.53
57.67
69.60
66.94
80.47
98.81
121.11
133.37
166.08
217.13
215.61
221.53
219.62
69.60
79.62
80.47
88.75
120.00
140.92
161.13
200.81
215.61
209.35
219.62
208.86
79.62
86.59
88.75
97.32
121.12
126.44
187.36
196.40
209.35
205.75
208.86
210.57
86.59
72.61
97.32
79.56
150.01
148.32
227.84
228.33
205.75
199.17
210.57
208.19
72.61
71.38
79.56
87.86
144.00
151.29
186.33
219.83
199.17
188.84
208.19
205.95
71.38
86.33
87.86
111.85
108.43
113.55
155.81
186.72
188.84
191.31
205.95
225.46
86.33
79.91
111.85
140.75
149.95
144.20
222.13
239.28
191.31
215.52
225.46
225.45
79.91
57.67
140.75
66.94
150.98
121.22
248.85
259.07
227.95
205.47
226.98
185.62
66.94
80.47
61.97
99.21
121.11
131.44
166.08
177.18
205.47
177.48
185.62
156.80
80.47
88.75
99.21
152.72
140.92
148.04
200.81
170.88
177.48
161.07
156.80
156.10
88.75
97.32
152.72
119.47
126.44
115.09
196.40
234.58
161.07
156.96
156.10
127.83
97.32
79.56
119.47
110.76
148.32
117.78
228.33
217.56
156.96
155.00
127.83
151.16
79.56
87.86
110.76
91.48
151.29
136.60
219.83
175.38
155.00
199.97
151.16
189.48
87.86
111.85
91.48
113.18
113.55
131.56
186.72
153.17
199.97
229.65
189.48
226.49
111.85
140.75
113.18
116.82
144.20
144.20
239.28
265.68
229.65
227.95
226.49
226.98
140.75
66.94
116.82
61.97
121.22
132.50
259.07
258.44
274.42
222.07
311.55
230.99
61.97
99.21
77.17
98.06
131.44
176.86
177.18
225.64
222.07
158.82
230.99
149.83
99.21
152.72
98.06
123.81
148.04
223.10
170.88
247.21
158.82
117.23
149.83
82.79
152.72
119.47
123.81
116.19
115.09
177.94
234.58
293.84
117.23
136.10
82.79
113.14
119.47
110.76
116.19
84.53
117.78
169.02
217.56
240.38
136.10
148.35
113.14
131.51
110.76
91.48
84.53
107.17
136.60
221.52
175.38
287.31
148.35
193.29
131.51
186.88
91.48
113.18
107.17
95.72
131.56
187.75
153.17
220.77
193.29
248.94
186.88
274.45
113.18
116.82
95.72
105.81
144.20
172.42
265.68
265.75
248.94
274.42
274.45
311.55
116.82
61.97
105.81
77.17
132.50
211.91
258.44
319.39
247.08
215.24
247.09
206.54
77.17
98.06
82.34
104.80
176.86
229.46
225.64
247.95
215.24
176.28
206.54
167.39
98.06
123.81
104.80
141.81
223.10
230.95
247.21
317.90
176.28
142.68
167.39
162.00
123.81
116.19
141.81
99.07
177.94
201.60
293.84
287.86
142.68
133.48
162.00
148.83
116.19
84.53
99.07
111.43
169.02
197.35
240.38
284.43
133.48
139.41
148.83
148.55
84.53
107.17
111.43
81.08
221.52
235.04
287.31
282.50
139.41
185.47
148.55
234.07
107.17
95.72
81.08
105.55
187.75
228.45
220.77
266.39
185.47
231.31
234.07
274.32
95.72
105.81
105.55
129.02
172.42
202.18
265.75
353.41
231.31
247.08
274.32
247.09
105.81
77.17
129.02
82.34
211.91
245.84
319.39
347.57
137.07
155.84
152.53
163.27
82.34
104.80
82.38
87.08
229.46
243.59
247.95
282.55
155.84
191.08
163.27
189.90
104.80
141.81
87.08
149.43
230.95
198.77
317.90
260.67
191.08
178.27
189.90
206.04
141.81
99.07
149.43
135.66
201.60
160.13
287.86
256.73
178.27
175.13
206.04
236.58
99.07
111.43
135.66
104.09
197.35
148.97
284.43
249.04
175.13
181.99
236.58
214.02
111.43
81.08
104.09
66.13
235.04
217.52
282.50
329.29
181.99
173.36
214.02
204.00
81.08
105.55
66.13
140.43
228.45
260.76
266.39
311.30
173.36
165.74
204.00
176.48
105.55
129.02
140.43
150.48
202.18
201.79
353.41
296.26
165.74
137.07
176.48
152.53
129.02
82.34
150.48
82.38
245.84
171.16
347.57
259.58
86.87
97.03
81.80
115.37
82.38
87.08
105.90
101.54
243.59
202.76
282.55
288.89
97.03
157.95
115.37
173.60
87.08
149.43
101.54
78.77
198.77
173.82
260.67
191.18
157.95
200.77
173.60
214.43
149.43
135.66
78.77
95.99
160.13
130.19
256.73
203.87
200.77
218.73
214.43
225.27
135.66
104.09
95.99
69.02
148.97
106.37
249.04
199.45
218.73
216.96
225.27
212.67
104.09
66.13
69.02
76.57
217.52
179.94
329.29
247.45
216.96
185.02
212.67
192.35
66.13
140.43
76.57
101.38
260.76
232.70
311.30
278.12
185.02
145.44
192.35
137.81
140.43
150.48
101.38
144.65
201.79
190.64
296.26
288.52
145.44
86.87
137.81
81.80
150.48
82.38
144.65
105.90
171.16
165.44
259.58
225.08
126.63
141.99
122.71
160.37
105.90
101.54
122.97
133.05
202.76
213.25
288.89
311.46
141.99
180.92
160.37
195.94
101.54
78.77
133.05
50.17
173.82
195.19
191.18
262.50
180.92
228.63
195.94
227.89
78.77
95.99
50.17
98.37
130.19
106.57
203.87
147.27
228.63
272.08
227.89
288.78
95.99
69.02
98.37
101.61
106.37
98.86
199.45
221.17
272.08
251.25
288.78
258.09
69.02
76.57
101.61
61.16
179.94
186.74
247.45
254.26
251.25
173.04
258.09
128.93
76.57
101.38
61.16
130.43
232.70
243.55
278.12
295.62
173.04
123.83
128.93
86.45
101.38
144.65
130.43
158.45
190.64
208.00
288.52
327.52
123.83
126.63
86.45
122.71
144.65
105.90
158.45
122.97
165.44
200.49
225.08
267.82
224.18
222.49
223.41
207.51
122.97
133.05
181.67
190.42
213.25
280.88
311.46
410.15
222.49
221.30
207.51
212.34
133.05
50.17
190.42
65.83
195.19
263.63
262.50
325.54
221.30
197.89
212.34
206.01
50.17
98.37
65.83
95.71
106.57
147.29
147.27
212.84
197.89
224.88
206.01
253.25
98.37
101.61
95.71
136.67
98.86
159.47
221.17
303.89
224.88
211.27
253.25
204.95
101.61
61.16
136.67
57.00
186.74
314.81
254.26
414.52
211.27
200.04
204.95
186.96
61.16
130.43
57.00
93.57
243.55
304.13
295.62
369.22
200.04
220.28
186.96
213.78
130.43
158.45
93.57
128.83
208.00
209.62
327.52
339.95
220.28
224.18
213.78
223.41
158.45
122.97
128.83
181.67
