151.26
260.25
269.10
418.68
298.97
331.85
317.17
344.44
59.63
125.38
63.58
152.09
121.33
129.37
149.40
207.66
331.85
345.56
344.44
361.01
125.38
85.34
152.09
122.23
125.25
114.28
183.64
185.12
345.56
349.42
361.01
350.78
85.34
108.02
122.23
143.63
80.30
109.42
142.72
161.53
349.42
353.45
350.78
335.97
108.02
103.55
143.63
103.17
122.81
127.73
204.11
289.98
353.45
351.27
335.97
300.95
103.55
85.20
103.17
153.87
168.16
205.63
242.38
291.07
351.27
326.08
300.95
302.69
85.20
75.21
153.87
184.65
129.51
165.04
193.16
216.49
326.08
301.75
302.69
300.63
75.21
73.31
184.65
186.81
151.25
208.48
219.40
300.27
301.75
298.97
300.63
317.17
73.31
59.63
186.81
63.58
260.25
116.49
418.68
299.68
349.60
371.22
362.10
367.41
63.58
152.09
90.94
138.07
129.37
119.66
207.66
183.40
371.22
346.91
367.41
341.67
152.09
122.23
138.07
151.41
114.28
115.16
185.12
139.77
346.91
330.95
341.67
388.92
122.23
143.63
151.41
122.21
109.42
94.09
161.53
256.78
330.95
337.68
388.92
287.13
143.63
103.17
122.21
224.51
127.73
88.05
289.98
234.85
337.68
315.81
287.13
254.36
103.17
153.87
224.51
179.80
205.63
136.26
291.07
223.67
315.81
308.25
254.36
240.05
153.87
184.65
179.80
165.95
165.04
140.42
216.49
216.15
308.25
351.74
240.05
332.66
184.65
186.81
165.95
202.59
208.48
147.26
300.27
329.88
351.74
349.60
332.66
362.10
186.81
63.58
202.59
90.94
116.49
209.82
299.68
445.82
456.24
321.20
549.72
324.05
90.94
138.07
125.56
213.47
119.66
237.21
183.40
306.18
321.20
176.49
324.05
129.49
138.07
151.41
213.47
190.30
115.16
192.97
139.77
214.29
176.49
154.46
129.49
129.55
151.41
122.21
190.30
70.85
94.09
110.53
256.78
284.77
154.46
161.80
129.55
243.82
122.21
224.51
70.85
172.34
88.05
140.86
234.85
124.80
161.80
199.70
243.82
116.25
224.51
179.80
172.34
122.28
136.26
207.03
223.67
291.98
199.70
255.90
116.25
218.78
179.80
165.95
122.28
77.36
140.42
238.33
216.15
333.34
255.90
366.45
218.78
384.87
165.95
202.59
77.36
169.67
147.26
227.98
329.88
367.03
366.45
456.24
384.87
549.72
202.59
90.94
169.67
125.56
209.82
418.79
445.82
615.91
358.23
173.68
361.11
112.51
125.56
213.47
147.36
135.27
237.21
372.39
306.18
412.29
173.68
134.18
112.51
115.95
213.47
190.30
135.27
270.88
192.97
261.66
214.29
477.61
134.18
168.52
115.95
290.57
190.30
70.85
270.88
161.07
110.53
143.37
284.77
261.99
168.52
175.66
290.57
206.00
70.85
172.34
161.07
190.38
140.86
177.27
124.80
242.75
175.66
153.87
206.00
143.30
172.34
122.28
190.38
120.42
207.03
258.39
291.98
347.49
153.87
151.12
143.30
188.81
122.28
77.36
120.42
116.68
238.33
339.44
333.34
414.67
151.12
237.18
188.81
299.10
77.36
169.67
116.68
182.15
227.98
244.52
367.03
353.87
237.18
358.23
299.10
361.11
169.67
125.56
182.15
147.36
418.79
406.42
615.91
605.07
234.58
137.95
313.50
88.09
147.36
135.27
119.07
132.39
372.39
343.55
412.29
409.06
137.95
126.58
88.09
82.43
135.27
270.88
132.39
272.59
261.66
272.05
477.61
456.13
126.58
132.26
82.43
162.95
270.88
161.07
272.59
148.27
143.37
154.32
261.99
284.85
132.26
153.18
162.95
214.46
161.07
190.38
148.27
174.05
177.27
170.39
242.75
284.82
153.18
200.08
214.46
236.65
190.38
120.42
174.05
152.35
258.39
254.11
347.49
335.32
200.08
253.30
236.65
280.98
120.42
116.68
152.35
159.24
339.44
324.76
414.67
384.91
253.30
255.54
280.98
252.60
116.68
182.15
159.24
205.19
244.52
224.88
353.87
312.71
255.54
234.58
252.60
313.50
182.15
147.36
205.19
119.07
406.42
198.57
605.07
432.84
363.37
151.25
355.35
158.42
119.07
132.39
119.46
137.98
343.55
207.90
409.06
323.61
151.25
223.76
158.42
144.71
132.39
272.59
137.98
190.74
272.05
239.61
456.13
262.11
223.76
244.75
144.71
322.53
272.59
148.27
190.74
149.61
154.32
187.57
284.85
255.52
244.75
290.22
322.53
397.74
148.27
174.05
149.61
109.64
170.39
136.69
284.82
194.31
290.22
396.76
397.74
498.82
174.05
152.35
109.64
99.88
254.11
196.64
335.32
259.23
396.76
385.63
498.82
474.03
152.35
159.24
99.88
104.08
324.76
234.99
384.91
279.71
385.63
369.35
474.03
442.46
159.24
205.19
104.08
243.52
224.88
347.94
312.71
458.50
369.35
363.37
442.46
355.35
205.19
119.07
243.52
119.46
198.57
143.39
432.84
300.44
254.01
216.31
290.34
182.74
119.46
137.98
98.58
97.20
207.90
171.55
323.61
256.26
216.31
301.46
182.74
277.94
137.98
190.74
97.20
82.76
239.61
219.46
262.11
306.85
301.46
422.25
277.94
468.05
190.74
149.61
82.76
190.47
187.57
181.17
255.52
241.84
422.25
478.97
468.05
566.95
149.61
109.64
190.47
220.75
136.69
111.79
194.31
255.36
478.97
468.86
566.95
523.20
109.64
99.88
220.75
87.96
196.64
145.45
259.23
274.51
468.86
357.70
523.20
290.38
99.88
104.08
87.96
207.51
234.99
205.92
279.71
214.67
357.70
289.15
290.38
299.13
104.08
243.52
207.51
225.44
347.94
356.61
458.50
533.89
289.15
254.01
299.13
290.34
243.52
119.46
225.44
98.58
143.39
140.22
300.44
282.40
490.67
456.74
539.38
433.90
98.58
97.20
192.29
146.75
171.55
291.50
256.26
381.08
456.74
477.20
433.90
483.18
97.20
82.76
146.75
69.02
219.46
354.05
306.85
373.31
477.20
461.81
483.18
515.65
82.76
190.47
69.02
126.02
181.17
264.41
241.84
423.30
461.81
456.04
515.65
487.67
190.47
220.75
126.02
250.82
111.79
190.12
255.36
438.56
456.04
487.86
487.67
475.97
220.75
87.96
250.82
135.12
145.45
347.20
274.51
520.98
487.86
528.00
475.97
564.41
87.96
207.51
135.12
75.53
205.92
327.24
214.67
408.74
528.00
573.28
564.41
707.42
207.51
225.44
75.53
126.99
356.61
290.09
533.89
420.49
573.28
490.67
707.42
539.38
225.44
98.58
126.99
192.29
