137.73
248.68
258.94
403.79
262.81
285.88
285.57
291.83
53.62
129.00
58.88
146.77
119.13
123.82
151.64
198.93
285.88
305.01
291.83
314.26
129.00
93.46
146.77
118.04
122.81
111.17
175.55
180.84
305.01
307.66
314.26
302.46
93.46
113.20
118.04
136.48
73.63
100.11
138.76
151.51
307.66
309.31
302.46
291.48
113.20
99.08
136.48
97.01
113.85
117.44
200.78
274.52
309.31
307.19
291.48
272.21
99.08
81.81
97.01
154.77
153.00
186.91
220.61
265.46
307.19
285.12
272.21
275.54
81.81
82.98
154.77
184.07
120.49
154.19
179.15
207.41
285.12
265.38
275.54
279.15
82.98
73.74
184.07
187.83
146.00
196.79
219.89
287.90
265.38
262.81
279.15
285.57
73.74
53.62
187.83
58.88
248.68
113.50
403.79
303.24
320.03
332.85
328.49
318.82
58.88
146.77
85.17
140.99
123.82
117.03
198.93
176.72
332.85
306.60
318.82
289.02
146.77
118.04
140.99
163.82
111.17
114.74
180.84
134.28
306.60
287.29
289.02
330.98
118.04
136.48
163.82
129.81
100.11
91.66
151.51
258.41
287.29
296.66
330.98
233.24
136.48
97.01
129.81
222.34
117.44
92.28
274.52
253.68
296.66
284.45
233.24
229.01
97.01
154.77
222.34
177.94
186.91
122.63
265.46
204.16
284.45
284.87
229.01
222.46
154.77
184.07
177.94
169.81
154.19
133.52
207.41
199.20
284.87
329.16
222.46
308.27
184.07
187.83
169.81
204.28
196.79
140.71
287.90
324.19
329.16
320.03
308.27
328.49
187.83
58.88
204.28
85.17
113.50
202.38
303.24
434.99
441.72
308.42
527.51
310.08
85.17
140.99
114.51
210.77
117.03
228.21
176.72
292.60
308.42
166.34
310.08
120.87
140.99
163.82
210.77
194.16
114.74
203.72
134.28
219.99
166.34
143.66
120.87
119.90
163.82
129.81
194.16
78.34
91.66
122.77
258.41
300.83
143.66
156.74
119.90
230.82
129.81
222.34
78.34
169.64
92.28
150.15
253.68
145.20
156.74
193.00
230.82
103.89
222.34
177.94
169.64
120.12
122.63
202.73
204.16
286.75
193.00
247.75
103.89
225.76
177.94
169.81
120.12
74.81
133.52
230.57
199.20
314.18
247.75
357.44
225.76
383.74
169.81
204.28
74.81
167.27
140.71
212.45
324.19
341.97
357.44
441.72
383.74
527.51
204.28
85.17
167.27
114.51
202.38
402.75
434.99
596.14
332.62
189.47
319.94
114.53
114.51
210.77
133.61
146.42
228.21
370.82
292.60
393.00
189.47
127.43
114.53
120.08
210.77
194.16
146.42
270.29
203.72
268.93
219.99
488.78
127.43
153.14
120.08
275.44
194.16
78.34
270.29
161.81
122.77
155.14
300.83
281.99
153.14
156.08
275.44
194.26
78.34
169.64
161.81
195.45
150.15
178.35
145.20
249.14
156.08
132.45
194.26
122.79
169.64
120.12
195.45
114.19
202.73
261.61
286.75
343.91
132.45
143.01
122.79
197.72
120.12
74.81
114.19
120.59
230.57
326.88
314.18
387.71
143.01
233.00
197.72
295.32
74.81
167.27
120.59
178.64
212.45
224.06
341.97
340.38
233.00
332.62
295.32
319.94
167.27
114.51
178.64
133.61
402.75
388.60
596.14
575.12
172.96
102.54
239.39
60.42
133.61
146.42
104.55
139.46
370.82
359.92
393.00
427.17
102.54
125.35
60.42
92.15
146.42
270.29
139.46
274.80
268.93
275.70
488.78
459.06
125.35
123.90
92.15
166.48
270.29
161.81
274.80
155.11
155.14
150.61
281.99
296.76
123.90
131.29
166.48
199.62
161.81
195.45
155.11
176.91
178.35
149.84
249.14
265.84
131.29
180.09
199.62
196.42
195.45
114.19
176.91
139.21
261.61
256.41
343.91
339.53
180.09
227.77
196.42
237.68
114.19
120.59
139.21
160.02
326.88
319.63
387.71
368.73
227.77
214.37
237.68
197.09
120.59
178.64
160.02
201.17
224.06
217.67
340.38
301.09
214.37
172.96
197.09
239.39
178.64
133.61
201.17
104.55
388.60
178.49
575.12
402.08
316.85
112.87
298.32
114.54
104.55
139.46
105.01
142.89
359.92
227.56
427.17
357.21
112.87
215.99
114.54
139.03
139.46
274.80
142.89
190.20
275.70
246.55
459.06
263.49
215.99
246.69
139.03
326.37
274.80
155.11
190.20
158.30
150.61
177.60
296.76
260.26
246.69
272.12
326.37
381.05
155.11
176.91
158.30
110.71
149.84
120.93
265.84
198.97
272.12
325.34
381.05
401.06
176.91
139.21
110.71
106.06
256.41
196.44
339.53
264.09
325.34
318.82
401.06
396.57
139.21
160.02
106.06
104.37
319.63
236.09
368.73
267.56
318.82
312.23
396.57
369.43
160.02
201.17
104.37
237.38
217.67
338.71
301.09
455.49
312.23
316.85
369.43
298.32
201.17
104.55
237.38
105.01
178.49
124.54
402.08
284.76
230.78
190.79
265.24
166.43
105.01
142.89
102.90
104.99
227.56
195.52
357.21
293.44
190.79
281.63
166.43
278.38
142.89
190.20
104.99
80.90
246.55
229.61
263.49
317.47
281.63
397.88
278.38
434.69
190.20
158.30
80.90
190.59
177.60
172.02
260.26
231.23
397.88
455.22
434.69
540.74
158.30
110.71
190.59
220.73
120.93
89.42
198.97
252.77
455.22
443.74
540.74
498.15
110.71
106.06
220.73
86.90
196.44
141.01
264.09
257.34
443.74
327.83
498.15
249.28
106.06
104.37
86.90
201.56
236.09
216.97
267.56
222.77
327.83
264.82
249.28
270.38
104.37
237.38
201.56
218.73
338.71
349.39
455.49
526.40
264.82
230.78
270.38
265.24
237.38
105.01
218.73
102.90
124.54
148.08
284.76
294.98
441.68
421.80
460.00
393.74
102.90
104.99
196.45
159.91
195.52
302.75
293.44
400.10
421.80
448.15
393.74
449.05
104.99
80.90
159.91
74.08
229.61
353.87
317.47
371.77
448.15
431.91
449.05
479.83
80.90
190.59
74.08
126.59
172.02
256.71
231.23
410.45
431.91
424.74
479.83
455.07
190.59
220.73
126.59
246.82
89.42
174.85
252.77
415.63
424.74
439.37
455.07
422.34
220.73
86.90
246.82
117.05
141.01
347.75
257.34
511.75
439.37
466.27
422.34
479.38
86.90
201.56
117.05
79.13
216.97
338.76
222.77
418.13
466.27
516.23
479.38
619.28
201.56
218.73
79.13
132.79
349.39
286.13
526.40
423.26
516.23
441.68
619.28
460.00
218.73
102.90
132.79
196.45
