167.14
252.13
273.14
402.33
331.53
361.05
342.95
381.26
65.87
109.86
69.74
144.52
123.08
134.43
143.45
208.55
361.05
364.48
381.26
384.97
109.86
74.56
144.52
120.66
127.01
122.65
188.13
193.51
364.48
368.30
384.97
379.23
74.56
97.89
120.66
143.41
95.83
117.93
155.04
178.72
368.30
371.69
379.23
361.89
97.89
102.63
143.41
106.75
140.96
140.47
213.72
294.86
371.69
368.45
361.89
318.72
102.63
85.99
106.75
139.75
181.93
214.55
257.33
305.99
368.45
345.96
318.72
316.10
85.99
68.11
139.75
170.65
134.05
163.00
201.53
219.08
345.96
324.06
316.10
309.29
68.11
73.84
170.65
176.26
156.75
205.42
219.26
300.97
324.06
331.53
309.29
342.95
73.84
65.87
176.26
69.74
252.13
119.80
402.33
287.17
360.82
381.97
375.46
384.45
69.74
144.52
92.36
127.79
134.43
124.58
208.55
189.39
381.97
361.18
384.45
364.65
144.52
120.66
127.79
135.79
122.65
120.89
193.51
152.85
361.18
350.56
364.65
414.51
120.66
143.41
135.79
109.68
117.93
96.23
178.72
242.30
350.56
350.44
414.51
319.96
143.41
106.75
109.68
204.43
140.47
84.97
294.86
207.93
350.44
319.01
319.96
263.08
106.75
139.75
204.43
164.65
214.55
148.26
305.99
236.74
319.01
312.32
263.08
249.51
139.75
170.65
164.65
150.27
163.00
145.40
219.08
220.63
312.32
355.24
249.51
339.92
170.65
176.26
150.27
183.61
205.42
151.96
300.97
323.94
355.24
360.82
339.92
375.46
176.26
69.74
183.61
92.36
119.80
200.44
287.17
419.54
440.22
320.40
530.96
326.41
92.36
127.79
126.98
193.78
124.58
232.08
189.39
302.46
320.40
187.88
326.41
145.40
127.79
135.79
193.78
172.18
120.89
186.76
152.85
211.16
187.88
158.70
145.40
128.79
135.79
109.68
172.18
70.25
96.23
109.34
242.30
267.41
158.70
160.71
128.79
227.19
109.68
204.43
70.25
156.58
84.97
133.92
207.93
121.38
160.71
196.25
227.19
125.56
204.43
164.65
156.58
119.91
148.26
210.93
236.74
297.25
196.25
252.50
125.56
209.49
164.65
150.27
119.91
80.65
145.40
232.68
220.63
327.02
252.50
356.76
209.49
370.34
150.27
183.61
80.65
159.50
151.96
232.15
323.94
371.47
356.76
440.22
370.34
530.96
183.61
92.36
159.50
126.98
200.44
389.52
419.54
574.03
368.81
174.78
388.63
144.14
126.98
193.78
149.59
118.81
232.08
345.42
302.46
402.62
174.78
146.35
144.14
118.09
193.78
172.18
118.81
245.81
186.76
247.23
211.16
433.79
146.35
169.88
118.09
269.79
172.18
70.25
245.81
144.26
109.34
142.65
267.41
242.85
169.88
177.99
269.79
200.07
70.25
156.58
144.26
165.70
133.92
182.04
121.38
246.77
177.99
165.99
200.07
156.60
156.58
119.91
165.70
119.08
210.93
250.21
297.25
340.33
165.99
165.95
156.60
190.28
119.91
80.65
119.08
107.22
232.68
326.70
327.02
409.94
165.95
246.37
190.28
304.11
80.65
159.50
107.22
175.41
232.15
243.59
371.47
353.33
246.37
368.81
304.11
388.63
159.50
126.98
175.41
149.59
389.52
380.09
574.03
567.91
272.82
174.02
352.57
138.74
149.59
118.81
122.39
115.43
345.42
302.69
402.62
364.64
174.02
137.41
138.74
85.70
118.81
245.81
115.43
246.30
247.23
251.85
433.79
415.45
137.41
139.21
85.70
153.62
245.81
144.26
246.30
133.83
142.65
159.18
242.85
270.10
139.21
161.85
153.62
212.41
144.26
165.70
133.83
154.26
182.04
195.86
246.77
316.07
161.85
215.21
212.41
270.81
165.70
119.08
154.26
149.83
250.21
241.99
340.33
324.91
215.21
265.28
270.81
305.07
119.08
107.22
149.83
154.32
326.70
310.53
409.94
375.04
265.28
269.39
305.07
270.84
107.22
175.41
154.32
196.86
243.59
212.86
353.33
309.55
269.39
272.82
270.84
352.57
175.41
149.59
196.86
122.39
380.09
194.49
567.91
412.86
358.59
163.54
360.85
172.12
122.39
115.43
117.21
123.82
302.69
178.76
364.64
274.27
163.54
204.77
172.12
135.77
115.43
246.30
123.82
169.73
251.85
216.85
415.45
243.62
204.77
221.68
135.77
278.66
246.30
133.83
169.73
128.42
159.18
184.45
270.10
242.04
221.68
287.99
278.66
369.93
133.83
154.26
128.42
100.99
195.86
139.54
316.07
188.73
287.99
437.32
369.93
546.54
154.26
149.83
100.99
89.17
241.99
187.63
324.91
250.33
437.32
419.16
546.54
506.63
149.83
154.32
89.17
102.22
310.53
225.77
375.04
270.83
419.16
387.69
506.63
464.02
154.32
196.86
102.22
222.11
212.86
320.29
309.55
420.73
387.69
358.59
464.02
360.85
196.86
122.39
222.11
117.21
194.49
147.42
412.86
296.41
256.05
224.15
285.80
191.71
117.21
123.82
93.66
91.80
178.76
151.41
274.27
223.21
224.15
297.70
191.71
264.29
123.82
169.73
91.80
78.07
216.85
202.39
243.62
284.46
297.70
413.30
264.29
460.01
169.73
128.42
78.07
172.68
184.45
174.66
242.04
233.58
413.30
465.93
460.01
542.58
128.42
100.99
172.68
197.09
139.54
122.60
188.73
251.89
465.93
455.33
542.58
502.03
100.99
89.17
197.09
82.76
187.63
150.79
250.33
279.27
455.33
356.71
502.03
307.42
89.17
102.22
82.76
197.15
225.77
197.05
270.83
215.23
356.71
286.74
307.42
293.48
102.22
222.11
197.15
211.01
320.29
331.75
420.73
495.77
286.74
256.05
293.48
285.80
222.11
117.21
211.01
93.66
147.42
133.46
296.41
263.49
502.65
455.74
574.17
440.11
93.66
91.80
185.11
136.30
151.41
275.17
223.21
363.16
455.74
462.11
440.11
469.37
91.80
78.07
136.30
60.50
202.39
335.33
284.46
365.53
462.11
443.38
469.37
492.14
78.07
172.68
60.50
118.62
174.66
248.81
233.58
395.08
443.38
443.75
492.14
473.65
172.68
197.09
118.62
232.99
122.60
202.16
251.89
437.61
443.75
487.07
473.65
481.85
197.09
82.76
232.99
139.97
150.79
339.91
279.27
511.10
487.07
539.09
481.85
591.09
82.76
197.15
139.97
75.13
197.05
309.17
215.23
390.53
539.09
576.46
591.09
717.08
197.15
211.01
75.13
120.11
331.75
275.17
495.77
400.31
576.46
502.65
717.08
574.17
211.01
93.66
120.11
185.11
