136.05
268.52
265.44
435.07
277.51
308.49
303.87
313.62
53.88
141.44
57.60
160.23
124.75
125.02
161.68
209.10
308.49
329.39
313.62
341.39
141.44
96.24
160.23
124.24
123.93
106.09
179.42
177.35
329.39
332.19
341.39
327.17
96.24
118.52
124.24
144.49
67.55
102.78
130.77
144.44
332.19
337.31
327.17
314.10
118.52
104.71
144.49
100.56
107.04
115.26
195.43
285.24
337.31
339.44
314.10
291.49
104.71
84.78
100.56
169.18
154.94
197.12
227.58
276.23
339.44
317.00
291.49
301.05
84.78
82.31
169.18
198.72
125.59
168.16
184.96
214.49
317.00
292.54
301.05
305.59
82.31
73.20
198.72
197.37
145.80
212.67
219.64
299.65
292.54
277.51
305.59
303.87
73.20
53.88
197.37
57.60
268.52
113.71
435.07
312.34
339.38
361.48
349.59
351.21
57.60
160.23
89.87
149.50
125.02
115.05
209.10
177.77
361.48
334.12
351.21
320.46
160.23
124.24
149.50
167.23
106.09
110.11
177.35
127.55
334.12
313.43
320.46
367.30
124.24
144.49
167.23
134.91
102.78
92.32
144.44
271.42
313.43
325.68
367.30
255.90
144.49
100.56
134.91
244.66
115.26
91.34
285.24
262.00
325.68
312.96
255.90
246.41
100.56
169.18
244.66
195.55
197.12
124.60
276.23
210.71
312.96
304.87
246.41
231.48
169.18
198.72
195.55
181.65
168.16
135.57
214.49
212.30
304.87
349.57
231.48
326.53
198.72
197.37
181.65
221.85
212.67
144.37
299.65
336.50
349.57
339.38
326.53
349.59
197.37
57.60
221.85
89.87
113.71
221.23
312.34
473.22
475.42
325.94
571.39
328.27
89.87
149.50
124.35
234.14
115.05
242.54
177.77
310.41
325.94
168.17
328.27
121.50
149.50
167.23
234.14
208.58
110.11
200.40
127.55
220.34
168.17
150.57
121.50
131.93
167.23
134.91
208.58
71.67
92.32
113.14
271.42
302.90
150.57
163.52
131.93
260.83
134.91
244.66
71.67
188.79
91.34
148.53
262.00
130.66
163.52
204.19
260.83
110.26
244.66
195.55
188.79
125.00
124.60
204.30
210.71
289.51
204.19
261.31
110.26
234.91
195.55
181.65
125.00
74.38
135.57
244.59
212.30
340.15
261.31
379.71
234.91
405.81
181.65
221.85
74.38
179.91
144.37
224.56
336.50
362.97
379.71
475.42
405.81
571.39
221.85
89.87
179.91
124.35
221.23
449.23
473.22
659.46
352.87
187.05
340.66
101.20
124.35
234.14
146.47
154.98
242.54
401.74
310.41
424.82
187.05
123.05
101.20
119.29
234.14
208.58
154.98
296.08
200.40
277.85
220.34
524.21
123.05
167.27
119.29
311.54
208.58
71.67
296.08
179.26
113.14
146.31
302.90
285.18
167.27
173.62
311.54
213.81
71.67
188.79
179.26
217.76
148.53
175.84
130.66
247.17
173.62
143.98
213.81
134.34
188.79
125.00
217.76
124.03
204.30
269.19
289.51
358.25
143.98
141.05
134.34
193.75
125.00
74.38
124.03
126.92
244.59
353.45
340.15
421.03
141.05
235.54
193.75
301.76
74.38
179.91
126.92
189.09
224.56
245.85
362.97
355.22
235.54
352.87
301.76
340.66
179.91
124.35
189.09
146.47
449.23
434.92
659.46
644.40
200.37
107.07
277.89
55.22
146.47
154.98
116.58
150.24
401.74
388.30
424.82
459.91
107.07
119.36
55.22
83.17
154.98
296.08
150.24
299.90
277.85
293.71
524.21
499.44
119.36
127.14
83.17
174.30
296.08
179.26
299.90
164.61
146.31
151.83
285.18
305.20
127.14
147.10
174.30
218.66
179.26
217.76
164.61
198.11
175.84
153.61
247.17
270.97
147.10
195.49
218.66
211.85
217.76
124.03
198.11
156.87
269.19
269.91
358.25
350.32
195.49
251.07
211.85
267.28
124.03
126.92
156.87
165.79
353.45
339.81
421.03
395.34
251.07
246.66
267.28
239.99
126.92
189.09
165.79
213.84
245.85
241.81
355.22
319.48
246.66
200.37
239.99
277.89
189.09
146.47
213.84
116.58
434.92
205.62
644.40
455.38
369.41
140.68
350.61
146.81
116.58
150.24
121.73
152.89
388.30
240.10
459.91
376.31
140.68
244.42
146.81
156.25
150.24
299.90
152.89
213.16
293.71
262.86
499.44
281.19
244.42
268.97
156.25
367.06
299.90
164.61
213.16
171.49
151.83
191.93
305.20
273.84
268.97
294.19
367.06
427.09
164.61
198.11
171.49
119.88
153.61
138.00
270.97
207.47
294.19
356.94
427.09
451.56
198.11
156.87
119.88
113.78
269.91
213.16
350.32
281.73
356.94
352.69
451.56
441.86
156.87
165.79
113.78
107.85
339.81
244.67
395.34
289.95
352.69
351.73
441.86
421.96
165.79
213.84
107.85
265.12
241.81
376.32
319.48
497.74
351.73
369.41
421.96
350.61
213.84
116.58
265.12
121.73
205.62
142.55
455.38
308.40
254.57
210.45
297.44
176.63
121.73
152.89
103.67
103.49
240.10
194.10
376.31
292.09
210.45
307.73
176.63
297.42
152.89
213.16
103.49
90.77
262.86
236.69
281.19
329.42
307.73
433.61
297.42
478.72
213.16
171.49
90.77
209.18
191.93
188.29
273.84
251.37
433.61
493.14
478.72
592.57
171.49
119.88
209.18
244.56
138.00
104.22
207.47
262.74
493.14
484.35
592.57
547.68
119.88
113.78
244.56
93.46
213.16
143.92
281.73
271.69
484.35
360.97
547.68
274.88
113.78
107.85
93.46
218.16
244.67
215.22
289.95
214.69
360.97
294.83
274.88
309.70
107.85
265.12
218.16
239.87
376.32
381.96
497.74
572.29
294.83
254.57
309.70
297.44
265.12
121.73
239.87
103.67
142.55
147.04
308.40
301.39
486.44
462.10
508.27
431.79
103.67
103.49
199.72
158.35
194.10
307.95
292.09
399.33
462.10
494.28
431.79
497.63
103.49
90.77
158.35
77.79
236.69
372.88
329.42
381.25
494.28
482.00
497.63
539.64
90.77
209.18
77.79
133.82
188.29
281.66
251.37
452.30
482.00
469.50
539.64
501.79
209.18
244.56
133.82
269.20
104.22
178.56
262.74
440.88
469.50
489.82
501.79
470.86
244.56
93.46
269.20
130.58
143.92
354.94
271.69
531.41
489.82
521.62
470.86
539.29
93.46
218.16
130.58
76.40
215.22
346.55
214.69
428.72
521.62
577.02
539.29
701.25
218.16
239.87
76.40
133.88
381.96
305.20
572.29
440.79
577.02
486.44
701.25
508.27
239.87
103.67
133.88
199.72
