200.00
236.32
281.91
369.82
418.37
431.84
421.49
466.88
79.32
81.69
82.42
131.45
141.08
146.28
153.64
216.99
431.84
408.93
466.88
442.95
81.69
53.62
131.45
118.87
132.01
139.87
197.90
211.88
408.93
410.13
442.95
446.86
53.62
79.38
118.87
144.87
130.77
139.17
180.45
213.35
410.13
413.31
446.86
422.71
79.38
101.57
144.87
116.43
181.51
166.43
235.24
304.98
413.31
415.99
422.71
373.88
101.57
88.59
116.43
116.80
210.67
233.41
287.56
336.07
415.99
410.91
373.88
372.09
88.59
53.90
116.80
142.97
144.85
162.32
218.69
225.98
410.91
397.54
372.09
361.98
53.90
76.15
142.97
155.21
167.84
202.89
219.28
302.55
397.54
418.37
361.98
421.49
76.15
79.32
155.21
82.42
236.32
127.82
369.82
262.65
386.17
406.17
404.53
420.68
82.42
131.45
96.20
111.89
146.28
135.19
216.99
202.28
406.17
393.53
420.68
414.74
131.45
118.87
111.89
105.46
139.87
134.02
211.88
180.66
393.53
394.76
414.74
475.09
118.87
144.87
105.46
85.48
139.17
101.53
213.35
213.89
394.76
377.97
475.09
388.79
144.87
116.43
85.48
164.54
166.43
79.50
304.98
155.35
377.97
326.32
388.79
282.62
116.43
116.80
164.54
136.93
233.41
173.03
336.07
263.15
326.32
322.31
282.62
270.87
116.80
142.97
136.93
118.99
162.32
155.69
225.98
231.34
322.31
366.17
270.87
357.59
142.97
155.21
118.99
146.92
202.89
166.11
302.55
314.20
366.17
386.17
357.59
404.53
155.21
82.42
146.92
96.20
127.82
189.08
262.65
371.29
419.05
330.76
503.28
350.09
96.20
111.89
130.39
158.79
135.19
222.49
202.28
296.53
330.76
217.75
350.09
191.93
111.89
105.46
158.79
136.64
134.02
178.50
180.66
214.00
217.75
168.10
191.93
131.92
105.46
85.48
136.64
69.78
101.53
111.39
213.89
235.61
168.10
160.43
131.92
195.71
85.48
164.54
69.78
128.16
79.50
122.76
155.35
122.25
160.43
192.59
195.71
151.17
164.54
136.93
128.16
116.30
173.03
221.91
263.15
315.49
192.59
251.78
151.17
214.86
136.93
118.99
116.30
87.99
155.69
223.43
231.34
316.03
251.78
349.16
214.86
363.41
118.99
146.92
87.99
139.41
166.11
242.59
314.20
381.53
349.16
419.05
363.41
503.28
146.92
96.20
139.41
130.39
189.08
335.51
371.29
496.89
403.39
215.73
459.39
226.64
130.39
158.79
157.79
101.78
222.49
301.16
296.53
392.61
215.73
172.91
226.64
136.64
158.79
136.64
101.78
196.26
178.50
224.94
214.00
358.44
172.91
172.86
136.64
228.99
136.64
69.78
196.26
117.13
111.39
147.85
235.61
220.32
172.86
183.41
228.99
194.28
69.78
128.16
117.13
130.47
122.76
200.37
122.25
277.45
183.41
195.06
194.28
192.31
128.16
116.30
130.47
123.39
221.91
242.69
315.49
337.89
195.06
205.58
192.31
211.73
116.30
87.99
123.39
91.59
223.43
305.71
316.03
405.53
205.58
283.54
211.73
335.17
87.99
139.41
91.59
162.61
242.59
243.40
381.53
354.90
283.54
403.39
335.17
459.39
139.41
130.39
162.61
157.79
335.51
335.93
496.89
501.76
357.45
253.91
437.46
250.59
157.79
101.78
131.24
86.39
301.16
240.84
392.61
306.89
253.91
167.10
250.59
102.22
101.78
196.26
86.39
198.39
224.94
217.51
358.44
345.81
167.10
157.73
102.22
142.39
196.26
117.13
198.39
113.47
147.85
174.53
220.32
260.17
157.73
185.25
142.39
214.73
117.13
130.47
113.47
134.72
200.37
262.15
277.45
412.27
185.25
268.75
214.73
355.29
130.47
123.39
134.72
151.14
242.69
230.40
337.89
318.77
268.75
313.11
355.29
375.02
123.39
91.59
151.14
149.91
305.71
284.95
405.53
357.16
313.11
309.01
375.02
320.00
91.59
162.61
149.91
181.34
243.40
206.67
354.90
314.13
309.01
357.45
320.00
437.46
162.61
157.79
181.34
131.24
335.93
196.52
501.76
382.24
352.53
191.59
373.90
203.28
131.24
86.39
112.77
99.04
240.84
136.75
306.89
196.71
191.59
173.52
203.28
127.66
86.39
198.39
99.04
134.63
217.51
173.73
345.81
209.28
173.52
180.49
127.66
194.71
198.39
113.47
134.63
90.10
174.53
181.94
260.17
232.47
180.49
288.81
194.71
320.52
113.47
134.72
90.10
90.20
262.15
156.59
412.27
201.77
288.81
520.17
320.52
643.13
134.72
151.14
90.20
82.08
230.40
195.11
318.77
276.59
520.17
487.74
643.13
573.06
151.14
149.91
82.08
104.55
284.95
209.23
357.16
257.79
487.74
426.18
573.06
509.81
149.91
181.34
104.55
180.08
206.67
268.10
314.13
351.53
426.18
352.53
509.81
373.90
181.34
131.24
180.08
112.77
196.52
166.24
382.24
301.29
267.42
244.95
285.22
216.62
112.77
99.04
84.45
84.30
136.75
120.04
196.71
171.11
244.95
297.96
216.62
257.80
99.04
134.63
84.30
80.63
173.73
169.05
209.28
240.49
297.96
403.21
257.80
452.16
134.63
90.10
80.63
141.20
181.94
163.58
232.47
220.93
403.21
443.64
452.16
498.30
90.10
90.20
141.20
150.52
156.59
150.72
201.77
257.16
443.64
434.95
498.30
471.86
90.20
82.08
150.52
73.51
195.11
170.89
276.59
294.17
434.95
361.55
471.86
345.17
82.08
104.55
73.51
177.52
209.23
181.08
257.79
218.11
361.55
292.04
345.17
299.01
104.55
180.08
177.52
182.19
268.10
284.03
351.53
420.58
292.04
267.42
299.01
285.22
180.08
112.77
182.19
84.45
166.24
120.17
301.29
226.03
547.51
466.83
652.31
464.04
84.45
84.30
171.62
120.04
120.04
242.96
171.11
328.52
466.83
438.71
464.04
444.07
84.30
80.63
120.04
44.77
169.05
298.29
240.49
350.50
438.71
412.78
444.07
446.86
80.63
141.20
44.77
105.34
163.58
222.20
220.93
342.47
412.78
423.06
446.86
445.89
141.20
150.52
105.34
199.49
150.72
230.02
257.16
439.86
423.06
488.93
445.89
495.75
150.52
73.51
199.49
150.45
170.89
326.94
294.17
493.15
488.93
574.20
495.75
648.36
73.51
177.52
150.45
75.72
181.08
277.72
218.11
360.47
574.20
602.93
648.36
746.28
177.52
182.19
75.72
106.39
284.03
245.99
420.58
360.40
602.93
547.51
746.28
652.31
182.19
84.45
106.39
171.62
