216.74
228.65
286.49
353.66
468.50
471.50
469.59
513.65
86.39
70.21
88.89
126.16
155.72
152.91
168.41
224.18
471.50
433.78
513.65
475.74
70.21
43.76
126.16
118.67
135.30
148.67
203.19
221.75
433.78
432.69
475.74
484.55
43.76
71.43
118.67
146.53
149.21
151.31
193.42
230.76
432.69
436.20
484.55
456.40
71.43
101.43
146.53
122.33
203.06
179.56
246.97
310.22
436.20
444.93
456.40
408.59
101.43
90.38
122.33
109.09
225.48
243.30
302.82
351.20
444.93
452.28
408.59
410.65
90.38
46.80
109.09
129.36
150.99
163.73
227.45
230.24
452.28
443.73
410.65
401.21
46.80
77.90
129.36
144.72
173.43
203.43
219.44
303.43
443.73
468.50
401.21
469.59
77.90
86.39
144.72
88.89
228.65
132.43
353.66
250.70
400.30
419.53
420.23
439.72
88.89
126.16
98.58
106.96
152.91
140.84
224.18
209.11
419.53
411.32
439.72
441.41
126.16
118.67
106.96
91.05
148.67
141.27
221.75
195.12
411.32
418.83
441.41
509.02
118.67
146.53
91.05
74.07
151.31
104.63
230.76
200.05
418.83
392.60
509.02
424.27
146.53
122.33
74.07
144.81
179.56
77.16
310.22
130.42
392.60
330.37
424.27
293.30
122.33
109.09
144.81
124.93
243.30
185.69
351.20
276.46
330.37
328.20
293.30
282.74
109.09
129.36
124.93
103.42
163.73
161.00
230.24
237.47
328.20
373.65
282.74
368.03
129.36
144.72
103.42
129.58
203.43
175.16
303.43
310.47
373.65
400.30
368.03
420.23
144.72
88.89
129.58
98.58
132.43
187.67
250.70
349.92
414.42
341.51
494.80
370.04
98.58
106.96
132.37
144.55
140.84
218.08
209.11
294.32
341.51
235.32
370.04
219.26
106.96
91.05
144.55
119.43
141.27
176.63
195.12
219.83
235.32
173.18
219.26
135.56
91.05
74.07
119.43
69.90
104.63
114.56
200.05
221.58
173.18
161.28
135.56
181.33
74.07
144.81
69.90
116.25
77.16
118.80
130.42
126.41
161.28
192.41
181.33
166.27
144.81
124.93
116.25
115.10
185.69
228.83
276.46
328.00
192.41
254.33
166.27
228.96
124.93
103.42
115.10
91.99
161.00
219.93
237.47
311.45
254.33
351.43
228.96
371.39
103.42
129.58
91.99
129.54
175.16
248.75
310.47
387.17
351.43
414.42
371.39
494.80
129.58
98.58
129.54
132.37
187.67
311.52
349.92
462.66
426.40
249.18
500.55
272.06
132.37
144.55
163.57
103.85
218.08
285.38
294.32
392.53
249.18
186.97
272.06
151.33
144.55
119.43
103.85
171.94
176.63
217.72
219.83
329.68
186.97
174.48
151.33
209.10
119.43
69.90
171.94
108.44
114.56
153.51
221.58
218.50
174.48
186.47
209.10
194.55
69.90
116.25
108.44
124.00
118.80
213.18
126.41
301.61
186.47
211.31
194.55
213.19
116.25
115.10
124.00
128.79
228.83
243.61
328.00
342.71
211.31
228.80
213.19
230.29
115.10
91.99
128.79
86.02
219.93
297.80
311.45
405.93
228.80
309.31
230.29
359.49
91.99
129.54
86.02
156.61
248.75
244.37
387.17
357.20
309.31
426.40
359.49
500.55
129.54
132.37
156.61
163.57
311.52
319.14
462.66
473.69
402.44
295.74
482.09
308.24
163.57
103.85
136.62
76.17
285.38
225.69
392.53
299.97
295.74
185.04
308.24
114.08
103.85
171.94
76.17
178.02
217.72
204.47
329.68
319.49
185.04
169.12
114.08
141.02
171.94
108.44
178.02
109.16
153.51
184.51
218.50
265.88
169.12
199.25
141.02
218.97
108.44
124.00
109.16
137.86
213.18
299.87
301.61
470.43
199.25
302.90
218.97
402.07
124.00
128.79
137.86
154.91
243.61
231.07
342.71
322.62
302.90
345.51
402.07
417.00
128.79
86.02
154.91
150.59
297.80
273.88
405.93
349.26
345.51
333.27
417.00
349.02
86.02
156.61
150.59
174.24
244.37
212.80
357.20
321.66
333.27
402.44
349.02
482.09
156.61
163.57
174.24
136.62
319.14
202.51
473.69
372.07
351.11
206.82
381.39
219.99
136.62
76.17
110.58
89.40
225.69
129.32
299.97
179.40
206.82
162.21
219.99
129.03
76.17
178.02
89.40
122.52
204.47
154.27
319.49
194.33
162.21
163.37
129.03
156.80
178.02
109.16
122.52
75.07
184.51
182.56
265.88
236.91
163.37
291.81
156.80
299.97
109.16
137.86
75.07
88.86
299.87
169.63
470.43
218.82
291.81
562.31
299.97
691.92
137.86
154.91
88.86
86.87
231.07
210.38
322.62
307.71
562.31
522.68
691.92
606.83
154.91
150.59
86.87
108.61
273.88
202.23
349.26
254.10
522.68
446.20
606.83
533.83
150.59
174.24
108.61
159.67
212.80
244.22
321.66
321.53
446.20
351.11
533.83
381.39
174.24
136.62
159.67
110.58
202.51
180.13
372.07
309.61
276.36
257.50
289.40
231.82
110.58
89.40
80.23
82.50
129.32
111.12
179.40
157.55
257.50
301.96
231.82
265.26
89.40
122.52
82.50
87.53
154.27
153.00
194.33
219.09
301.96
402.24
265.26
452.43
122.52
75.07
87.53
128.53
182.56
159.08
236.91
216.58
402.24
434.57
452.43
478.84
75.07
88.86
128.53
127.90
169.63
166.84
218.82
265.60
434.57
428.50
478.84
463.99
88.86
86.87
127.90
69.62
210.38
184.54
307.71
304.03
428.50
367.32
463.99
365.49
86.87
108.61
69.62
168.37
202.23
174.21
254.10
220.43
367.32
299.60
365.49
310.22
108.61
159.67
168.37
167.79
244.22
261.49
321.53
383.72
299.60
276.36
310.22
289.40
159.67
110.58
167.79
80.23
180.13
113.69
309.61
207.54
578.78
478.61
694.70
481.20
80.23
82.50
165.39
114.90
111.12
227.14
157.55
311.93
478.61
430.79
481.20
432.84
82.50
87.53
114.90
38.12
153.00
280.02
219.09
343.27
430.79
401.11
432.84
425.28
87.53
128.53
38.12
99.67
159.08
211.35
216.58
319.21
401.11
414.85
425.28
432.17
128.53
127.90
99.67
184.24
166.84
246.20
265.60
442.84
414.85
491.54
432.17
503.66
127.90
69.62
184.24
156.03
184.54
321.39
304.03
485.19
491.54
597.43
503.66
678.63
69.62
168.37
156.03
76.70
174.21
264.92
220.43
349.17
597.43
625.38
678.63
765.44
168.37
167.79
76.70
99.56
261.49
231.82
383.72
340.68
625.38
578.78
765.44
694.70
167.79
80.23
99.56
165.39
