139.56
228.93
252.54
372.58
249.53
265.47
268.91
272.00
53.72
116.67
60.29
133.35
113.93
122.85
143.30
189.77
265.47
282.18
272.00
289.06
116.67
90.69
133.35
111.94
121.88
116.58
171.99
184.51
282.18
284.26
289.06
279.17
90.69
107.87
111.94
128.52
81.34
100.26
147.46
159.38
284.26
282.93
279.17
270.41
107.87
93.54
128.52
93.47
120.83
121.22
206.16
264.21
282.93
277.15
270.41
254.57
93.54
79.10
93.47
140.56
151.09
177.52
213.67
255.15
277.15
255.81
254.57
252.72
79.10
83.65
140.56
169.47
116.17
141.59
173.67
201.20
255.81
240.93
252.72
256.53
83.65
74.53
169.47
178.32
146.40
182.21
220.21
276.75
240.93
249.53
256.53
268.91
74.53
53.72
178.32
60.29
228.93
113.90
372.58
294.22
300.93
304.91
307.58
287.56
60.29
133.35
80.48
132.52
122.85
119.33
189.77
176.05
304.91
279.46
287.56
258.52
133.35
111.94
132.52
160.79
116.58
120.18
184.51
141.22
279.46
261.35
258.52
294.90
111.94
128.52
160.79
125.61
100.26
92.97
159.38
247.73
261.35
267.88
294.90
210.92
128.52
93.47
125.61
200.02
121.22
94.81
264.21
245.72
267.88
256.52
210.92
212.03
93.47
140.56
200.02
160.39
177.52
122.29
255.15
197.84
256.52
265.66
212.03
214.16
140.56
169.47
160.39
158.09
141.59
132.01
201.20
187.07
265.66
308.90
214.16
290.50
169.47
178.32
158.09
186.73
182.21
138.46
276.75
312.05
308.90
300.93
290.50
307.58
178.32
60.29
186.73
80.48
113.90
184.57
294.22
397.38
408.07
290.96
483.79
292.51
80.48
132.52
105.20
187.54
119.33
214.92
176.05
275.95
290.96
164.63
292.51
123.00
132.52
160.79
187.54
179.83
120.18
207.23
141.22
221.72
164.63
137.30
123.00
108.89
160.79
125.61
179.83
85.41
92.97
133.02
247.73
298.98
137.30
150.82
108.89
201.88
125.61
200.02
85.41
150.86
94.81
152.52
245.72
161.93
150.82
182.45
201.88
101.90
200.02
160.39
150.86
115.91
122.29
203.01
197.84
284.88
182.45
234.89
101.90
217.00
160.39
158.09
115.91
76.66
132.01
218.00
187.07
289.89
234.89
335.31
217.00
361.72
158.09
186.73
76.66
154.71
138.46
201.48
312.05
322.52
335.31
408.07
361.72
483.79
186.73
80.48
154.71
105.20
184.57
357.73
397.38
534.27
313.31
192.97
300.99
130.64
105.20
187.54
121.30
137.91
214.92
340.44
275.95
361.78
192.97
134.08
130.64
124.30
187.54
179.83
137.91
244.51
207.23
260.41
221.72
453.64
134.08
142.21
124.30
241.86
179.83
85.41
244.51
145.34
133.02
164.15
298.98
280.31
142.21
141.63
241.86
177.19
85.41
150.86
145.34
174.17
152.52
181.31
161.93
252.97
141.63
124.62
177.19
116.46
150.86
115.91
174.17
105.10
203.01
254.71
284.88
330.12
124.62
147.49
116.46
203.05
115.91
76.66
105.10
115.20
218.00
301.90
289.89
356.48
147.49
231.28
203.05
289.70
76.66
154.71
115.20
168.31
201.48
207.07
322.52
331.29
231.28
313.31
289.70
300.99
154.71
105.20
168.31
121.30
357.73
345.70
534.27
510.27
149.21
103.42
204.14
73.58
121.30
137.91
94.25
128.74
340.44
332.72
361.78
395.32
103.42
134.23
73.58
106.62
137.91
244.51
128.74
249.70
260.41
258.35
453.64
418.82
134.23
126.00
106.62
163.87
244.51
145.34
249.70
147.17
164.15
150.45
280.31
288.45
126.00
123.17
163.87
188.76
145.34
174.17
147.17
156.95
181.31
147.19
252.97
261.27
123.17
169.21
188.76
186.94
174.17
105.10
156.95
122.04
254.71
244.50
330.12
331.44
169.21
207.37
186.94
213.32
105.10
115.20
122.04
154.79
301.90
301.66
356.48
346.09
207.37
186.37
213.32
160.28
115.20
168.31
154.79
189.16
207.07
198.98
331.29
288.00
186.37
149.21
160.28
204.14
168.31
121.30
189.16
94.25
345.70
157.43
510.27
353.32
264.89
88.09
246.90
86.08
94.25
128.74
92.25
133.31
332.72
217.31
395.32
339.57
88.09
191.02
86.08
129.08
128.74
249.70
133.31
167.34
258.35
230.68
418.82
246.59
191.02
227.80
129.08
289.30
249.70
147.17
167.34
145.26
150.45
164.38
288.45
247.30
227.80
253.08
289.30
337.89
147.17
156.95
145.26
101.71
147.19
107.12
261.27
193.16
253.08
295.93
337.89
352.78
156.95
122.04
101.71
98.79
244.50
183.27
331.44
250.53
295.93
286.32
352.78
352.04
122.04
154.79
98.79
101.78
301.66
230.06
346.09
252.48
286.32
273.64
352.04
317.55
154.79
189.16
101.78
211.41
198.98
302.42
288.00
415.11
273.64
264.89
317.55
246.90
189.16
94.25
211.41
92.25
157.43
113.56
353.32
263.87
207.47
173.41
233.56
159.25
92.25
133.31
103.84
108.06
217.31
198.02
339.57
295.69
173.41
256.88
159.25
260.10
133.31
167.34
108.06
71.73
230.68
222.58
246.59
305.79
256.88
362.59
260.10
391.24
167.34
145.26
71.73
172.03
164.38
156.27
247.30
211.83
362.59
417.60
391.24
489.22
145.26
101.71
172.03
196.89
107.12
78.90
193.16
243.83
417.60
403.61
489.22
448.95
101.71
98.79
196.89
80.67
183.27
142.60
250.53
247.09
403.61
295.14
448.95
223.99
98.79
101.78
80.67
185.49
230.06
220.08
252.48
233.70
295.14
235.09
223.99
231.32
101.78
211.41
185.49
199.66
302.42
317.47
415.11
481.75
235.09
207.47
231.32
233.56
211.41
92.25
199.66
103.84
113.56
154.17
263.87
288.88
397.16
381.60
411.90
355.85
103.84
108.06
193.27
163.15
198.02
297.82
295.69
401.29
381.60
402.16
355.85
400.69
108.06
71.73
163.15
70.97
222.58
335.11
305.79
362.36
402.16
382.35
400.69
420.78
71.73
172.03
70.97
119.63
156.27
232.29
211.83
369.26
382.35
380.86
420.78
409.58
172.03
196.89
119.63
224.51
78.90
171.56
243.83
390.85
380.86
389.73
409.58
374.68
196.89
80.67
224.51
103.78
142.60
340.75
247.09
492.15
389.73
411.24
374.68
419.69
80.67
185.49
103.78
81.92
220.08
331.23
233.70
407.78
411.24
455.68
419.69
537.43
185.49
199.66
81.92
131.80
317.47
267.50
481.75
405.96
455.68
397.16
537.43
411.90
199.66
103.84
131.80
193.27
