183.43
244.15
277.44
386.05
372.14
394.74
378.59
422.47
72.46
95.15
76.03
137.60
129.89
140.09
144.91
211.71
394.74
385.72
422.47
412.51
95.15
63.95
137.60
119.54
129.25
131.19
192.88
202.45
385.72
388.61
412.51
411.53
63.95
88.29
119.54
143.82
112.86
127.96
167.64
196.00
388.61
391.73
411.53
391.02
88.29
101.97
143.82
111.20
160.70
153.39
224.13
299.86
391.73
390.27
391.02
343.51
101.97
87.12
111.20
127.23
196.13
223.82
272.39
321.00
390.27
374.89
343.51
339.91
87.12
61.00
127.23
156.74
139.18
162.08
210.04
222.26
374.89
356.90
339.91
330.50
61.00
74.79
156.74
165.73
162.28
203.55
219.22
301.72
356.90
372.14
330.50
378.59
74.79
72.46
165.73
76.03
244.15
123.60
386.05
274.82
373.01
393.63
389.61
402.24
76.03
137.60
94.12
118.95
140.09
129.77
211.71
195.70
393.63
376.77
402.24
389.08
137.60
119.54
118.95
120.43
131.19
127.20
202.45
166.53
376.77
371.92
389.08
443.42
119.54
143.82
120.43
97.40
127.96
98.72
196.00
227.99
371.92
363.89
443.42
353.95
143.82
111.20
97.40
184.43
153.39
82.11
299.86
181.36
363.89
322.52
353.95
272.52
111.20
127.23
184.43
150.28
223.82
160.54
321.00
249.91
322.52
317.02
272.52
259.79
127.23
156.74
150.28
134.61
162.08
150.49
222.26
225.71
317.02
360.04
259.79
348.23
156.74
165.73
134.61
165.00
203.55
158.31
301.72
318.70
360.04
373.01
348.23
389.61
165.73
76.03
165.00
94.12
123.60
193.42
274.82
394.61
427.72
323.62
515.39
335.28
94.12
118.95
128.59
175.41
129.77
227.17
195.70
299.25
323.62
201.79
335.28
166.87
118.95
120.43
175.41
154.27
127.20
181.90
166.53
211.06
201.79
163.26
166.87
129.61
120.43
97.40
154.27
69.90
98.72
109.63
227.99
250.96
163.26
160.24
129.61
211.08
97.40
184.43
69.90
141.75
82.11
127.84
181.36
120.53
160.24
193.87
211.08
137.43
184.43
150.28
141.75
117.91
160.54
215.91
249.91
305.16
193.87
251.15
137.43
208.11
150.28
134.61
117.91
84.20
150.49
227.70
225.71
321.23
251.15
350.94
208.11
363.04
134.61
165.00
84.20
149.40
158.31
237.04
318.70
376.30
350.94
427.72
363.04
515.39
165.00
94.12
149.40
128.59
193.42
361.65
394.61
534.21
384.03
189.80
421.78
183.49
128.59
175.41
153.10
107.09
227.17
321.44
299.25
396.00
189.80
159.32
183.49
125.26
175.41
154.27
107.09
220.92
181.90
234.88
211.06
393.66
159.32
171.33
125.26
249.24
154.27
69.90
220.92
129.37
109.63
144.17
250.96
228.66
171.33
180.58
249.24
196.13
69.90
141.75
129.37
145.08
127.84
189.86
120.53
258.72
180.58
179.85
196.13
173.23
141.75
117.91
145.08
120.09
215.91
244.92
305.16
337.08
179.85
184.41
173.23
198.09
117.91
84.20
120.09
98.76
227.70
315.40
321.23
406.88
184.41
262.19
198.09
316.39
84.20
149.40
98.76
168.89
237.04
243.17
376.30
353.64
262.19
384.03
316.39
421.78
149.40
128.59
168.89
153.10
361.65
356.42
534.21
533.32
314.05
213.10
394.12
193.79
153.10
107.09
126.47
99.85
321.44
267.57
396.00
329.44
213.10
151.10
193.79
92.53
107.09
220.92
99.85
221.39
234.88
233.50
393.66
378.29
151.10
147.75
92.53
146.67
220.92
129.37
221.39
121.96
144.17
166.01
228.66
261.67
147.75
172.67
146.67
212.52
129.37
145.08
121.96
140.52
189.86
227.08
258.72
359.89
172.67
238.89
212.52
311.08
145.08
120.09
140.52
149.42
244.92
234.02
337.08
319.42
238.89
285.80
311.08
337.15
120.09
98.76
149.42
151.17
315.40
297.22
406.88
365.78
285.80
287.47
337.15
293.65
98.76
168.89
151.17
188.90
243.17
206.64
353.64
310.04
287.47
314.05
293.65
394.12
168.89
153.10
188.90
126.47
356.42
193.77
533.32
395.89
355.00
177.09
367.04
187.23
126.47
99.85
114.98
110.70
267.57
154.24
329.44
230.54
177.09
187.87
187.23
129.96
99.85
221.39
110.70
150.75
233.50
194.78
378.29
225.91
187.87
200.12
129.96
235.83
221.39
121.96
150.75
108.34
166.01
182.57
261.67
234.19
200.12
287.52
235.83
344.03
121.96
140.52
108.34
94.36
227.08
146.34
359.89
191.35
287.52
478.49
344.03
594.66
140.52
149.42
94.36
82.90
234.02
187.15
319.42
256.49
478.49
453.22
594.66
539.65
149.42
151.17
82.90
102.38
297.22
217.12
365.78
263.45
453.22
406.65
539.65
486.51
151.17
188.90
102.38
200.93
206.64
293.59
310.04
384.87
406.65
355.00
486.51
367.04
188.90
126.47
200.93
114.98
193.77
155.06
395.89
296.71
260.59
233.76
284.04
203.13
114.98
110.70
88.94
87.45
154.24
133.99
230.54
194.11
233.76
296.53
203.13
257.42
110.70
150.75
87.45
77.33
194.78
185.56
225.91
262.32
296.53
406.91
257.42
454.69
150.75
108.34
77.33
156.11
182.57
168.79
234.19
226.61
406.91
454.12
454.69
519.63
108.34
94.36
156.11
173.64
146.34
135.80
191.35
252.51
454.12
443.95
519.63
484.72
94.36
82.90
173.64
77.92
187.15
159.46
256.49
285.87
443.95
358.00
484.72
325.75
82.90
102.38
77.92
187.13
217.12
188.73
263.45
216.37
358.00
287.71
325.75
293.36
102.38
200.93
187.13
196.59
293.59
307.51
384.87
457.97
287.71
260.59
293.36
284.04
200.93
114.98
196.59
88.94
155.06
126.77
296.71
244.69
521.85
459.14
611.99
450.24
88.94
87.45
178.21
127.29
133.99
258.99
194.11
345.62
459.14
449.22
450.24
456.30
87.45
77.33
127.29
52.35
185.56
316.73
262.32
357.92
449.22
426.96
456.30
469.18
77.33
156.11
52.35
111.70
168.79
234.75
226.61
367.98
426.96
432.72
469.18
459.72
156.11
173.64
111.70
215.82
135.80
215.34
252.51
438.07
432.72
487.43
459.72
488.46
173.64
77.92
215.82
145.09
159.46
333.14
285.87
501.80
487.43
554.61
488.46
619.13
77.92
187.13
145.09
75.19
188.73
292.57
216.37
374.35
554.61
586.46
619.13
730.10
187.13
196.59
75.19
113.24
307.51
260.46
457.97
380.28
586.46
521.85
730.10
611.99
196.59
88.94
113.24
178.21
