48.82
99.37
106.47
175.40
145.96
134.93
153.70
144.42
62.04
45.56
74.51
73.78
39.59
94.62
94.66
160.15
134.93
133.10
144.42
139.34
45.56
62.53
73.78
93.26
45.86
106.15
98.68
168.07
133.10
153.47
139.34
151.20
62.53
86.09
93.26
82.32
47.82
94.13
101.16
165.09
153.47
163.01
151.20
172.64
86.09
89.08
82.32
102.23
51.64
98.73
97.55
153.74
163.01
144.04
172.64
152.74
89.08
86.74
102.23
99.96
46.69
97.92
89.29
167.23
144.04
131.08
152.74
167.12
86.74
56.90
99.96
121.28
42.68
91.61
91.16
163.23
131.08
147.80
167.12
183.64
56.90
46.42
121.28
101.94
49.98
93.91
105.41
176.83
147.80
145.96
183.64
153.70
46.42
62.04
101.94
74.51
99.37
153.83
175.40
203.52
123.32
151.08
116.51
128.13
74.51
73.78
59.52
44.23
94.62
152.27
160.15
201.82
151.08
142.84
128.13
113.60
73.78
93.26
44.23
54.32
106.15
150.52
168.07
195.64
142.84
101.24
113.60
95.54
93.26
82.32
54.32
68.07
94.13
154.21
165.09
203.05
101.24
111.88
95.54
93.30
82.32
102.23
68.07
59.57
98.73
120.65
153.74
178.56
111.88
104.37
93.30
104.24
102.23
99.96
59.57
105.21
97.92
136.95
167.23
194.15
104.37
113.05
104.24
106.75
99.96
121.28
105.21
89.53
91.61
148.82
163.23
192.57
113.05
119.51
106.75
115.92
121.28
101.94
89.53
73.72
93.91
157.65
176.83
205.00
119.51
123.32
115.92
116.51
101.94
74.51
73.72
59.52
153.83
165.24
203.52
212.59
156.81
156.52
158.92
158.30
59.52
44.23
65.35
84.94
152.27
151.22
201.82
228.09
156.52
168.31
158.30
144.91
44.23
54.32
84.94
110.76
150.52
150.90
195.64
224.73
168.31
151.43
144.91
133.03
54.32
68.07
110.76
95.92
154.21
154.89
203.05
234.58
151.43
139.08
133.03
139.19
68.07
59.57
95.92
61.06
120.65
168.45
178.56
224.82
139.08
177.82
139.19
155.34
59.57
105.21
61.06
73.53
136.95
180.43
194.15
213.60
177.82
160.30
155.34
161.89
105.21
89.53
73.53
94.70
148.82
171.95
192.57
214.23
160.30
165.57
161.89
172.24
89.53
73.72
94.70
84.70
157.65
173.19
205.00
224.25
165.57
156.81
172.24
158.92
73.72
59.52
84.70
65.35
165.24
172.77
212.59
238.43
184.10
187.72
180.37
193.02
65.35
84.94
105.25
59.95
151.22
158.65
228.09
199.71
187.72
167.02
193.02
190.12
84.94
110.76
59.95
72.28
150.90
163.00
224.73
212.73
167.02
156.18
190.12
160.88
110.76
95.92
72.28
73.95
154.89
143.98
234.58
209.34
156.18
165.37
160.88
144.92
95.92
61.06
73.95
77.24
168.45
158.15
224.82
232.00
165.37
160.23
144.92
151.57
61.06
73.53
77.24
73.70
180.43
161.85
213.60
209.52
160.23
174.98
151.57
164.08
73.53
94.70
73.70
68.56
171.95
161.47
214.23
218.86
174.98
169.66
164.08
164.50
94.70
84.70
68.56
72.77
173.19
161.96
224.25
242.80
169.66
184.10
164.50
180.37
84.70
65.35
72.77
105.25
172.77
200.45
238.43
263.76
185.02
156.53
164.71
156.98
105.25
59.95
67.98
75.86
158.65
199.78
199.71
247.18
156.53
143.39
156.98
142.62
59.95
72.28
75.86
59.81
163.00
193.95
212.73
230.85
143.39
145.71
142.62
148.66
72.28
73.95
59.81
75.23
143.98
185.08
209.34
243.81
145.71
151.61
148.66
157.43
73.95
77.24
75.23
72.83
158.15
205.98
232.00
252.08
151.61
165.28
157.43
156.13
77.24
73.70
72.83
56.98
161.85
200.11
209.52
250.51
165.28
152.01
156.13
162.56
73.70
68.56
56.98
89.23
161.47
198.22
218.86
253.72
152.01
166.32
162.56
163.79
68.56
72.77
89.23
68.99
161.96
215.12
242.80
273.36
166.32
185.02
163.79
164.71
72.77
105.25
68.99
67.98
200.45
245.61
263.76
290.46
150.32
159.19
149.55
153.00
67.98
75.86
58.57
63.67
199.78
215.34
247.18
268.12
159.19
150.49
153.00
150.33
75.86
59.81
63.67
60.53
193.95
226.10
230.85
253.91
150.49
170.68
150.33
163.65
59.81
75.23
60.53
62.25
185.08
217.98
243.81
269.52
170.68
166.88
163.65
161.05
75.23
72.83
62.25
59.29
205.98
217.09
252.08
275.76
166.88
163.19
161.05
154.61
72.83
56.98
59.29
64.83
200.11
233.96
250.51
280.77
163.19
146.23
154.61
141.88
56.98
89.23
64.83
82.03
198.22
224.64
253.72
278.22
146.23
140.92
141.88
144.62
89.23
68.99
82.03
66.95
215.12
241.62
273.36
282.62
140.92
150.32
144.62
149.55
68.99
67.98
66.95
58.57
245.61
218.38
290.46
287.81
124.17
130.45
121.18
127.56
58.57
63.67
62.71
74.10
215.34
227.53
268.12
270.04
130.45
131.31
127.56
135.53
63.67
60.53
74.10
73.66
226.10
194.74
253.91
237.76
131.31
172.52
135.53
143.28
60.53
62.25
73.66
127.81
217.98
181.92
269.52
250.43
172.52
136.21
143.28
134.52
62.25
59.29
127.81
57.47
217.09
211.24
275.76
260.00
136.21
154.64
134.52
129.09
59.29
64.83
57.47
107.21
233.96
209.95
280.77
272.99
154.64
142.45
129.09
117.70
64.83
82.03
107.21
116.21
224.64
231.50
278.22
284.15
142.45
131.72
117.70
112.52
82.03
66.95
116.21
64.79
241.62
216.60
282.62
289.88
131.72
124.17
112.52
121.18
66.95
58.57
64.79
62.71
218.38
125.14
287.81
245.96
187.33
124.39
136.38
123.58
62.71
74.10
117.40
76.41
227.53
238.43
270.04
302.27
124.39
119.30
123.58
128.57
74.10
73.66
76.41
76.19
194.74
170.26
237.76
305.26
119.30
186.08
128.57
177.97
73.66
127.81
76.19
163.84
181.92
109.10
250.43
197.39
186.08
222.49
177.97
169.33
127.81
57.47
163.84
128.42
211.24
175.64
260.00
269.50
222.49
198.48
169.33
135.54
57.47
107.21
128.42
209.54
209.95
217.91
272.99
265.23
198.48
181.53
135.54
138.91
107.21
116.21
209.54
184.97
231.50
137.62
284.15
273.56
181.53
202.21
138.91
122.40
116.21
64.79
184.97
179.15
216.60
154.39
289.88
293.08
202.21
187.33
122.40
136.38
64.79
62.71
179.15
117.40
