77.23
101.53
134.66
178.39
161.11
152.47
169.08
161.24
61.23
46.57
73.31
68.46
54.84
100.46
106.70
159.49
152.47
140.32
161.24
148.20
46.57
64.13
68.46
88.67
66.71
118.89
115.52
179.94
140.32
142.34
148.20
146.93
64.13
79.71
88.67
81.44
75.07
109.73
131.38
179.91
142.34
148.10
146.93
156.97
79.71
80.95
81.44
93.44
83.59
116.86
137.19
170.45
148.10
139.34
156.97
146.70
80.95
81.11
93.44
90.35
72.80
110.84
108.96
177.82
139.34
134.81
146.70
156.75
81.11
65.36
90.35
110.58
61.51
94.38
107.14
169.49
134.81
153.03
156.75
187.37
65.36
56.47
110.58
107.68
78.98
106.49
137.65
189.57
153.03
161.11
187.37
169.08
56.47
61.23
107.68
73.31
101.53
145.70
178.39
213.45
143.38
153.64
136.92
136.75
73.31
68.46
57.64
48.28
100.46
148.10
159.49
195.11
153.64
129.54
136.75
118.87
68.46
88.67
48.28
82.01
118.89
154.15
179.94
192.40
129.54
96.84
118.87
93.71
88.67
81.44
82.01
80.76
109.73
147.71
179.91
215.05
96.84
97.01
93.71
85.42
81.44
93.44
80.76
61.04
116.86
122.30
170.45
185.94
97.01
101.68
85.42
102.32
93.44
90.35
61.04
91.84
110.84
138.62
177.82
185.82
101.68
119.18
102.32
124.64
90.35
110.58
91.84
90.01
94.38
143.27
169.49
179.32
119.18
134.88
124.64
135.07
110.58
107.68
90.01
71.84
106.49
156.75
189.57
215.02
134.88
143.38
135.07
136.92
107.68
73.31
71.84
57.64
145.70
152.78
213.45
206.33
166.55
161.56
173.29
171.07
57.64
48.28
67.10
75.84
148.10
155.75
195.11
221.99
161.56
161.45
171.07
149.61
48.28
82.01
75.84
106.36
154.15
171.98
192.40
232.41
161.45
136.46
149.61
114.22
82.01
80.76
106.36
104.87
147.71
165.12
215.05
249.42
136.46
127.61
114.22
117.84
80.76
61.04
104.87
56.81
122.30
169.66
185.94
239.19
127.61
164.64
117.84
147.09
61.04
91.84
56.81
82.86
138.62
190.37
185.82
227.65
164.64
162.10
147.09
163.12
91.84
90.01
82.86
99.01
143.27
172.96
179.32
208.35
162.10
171.45
163.12
181.29
90.01
71.84
99.01
80.64
156.75
170.93
215.02
229.32
171.45
166.55
181.29
173.29
71.84
57.64
80.64
67.10
152.78
176.33
206.33
244.62
180.78
179.18
172.44
185.52
67.10
75.84
94.62
65.41
155.75
161.51
221.99
193.43
179.18
164.30
185.52
176.77
75.84
106.36
65.41
77.59
171.98
173.28
232.41
218.84
164.30
156.07
176.77
163.68
106.36
104.87
77.59
79.98
165.12
164.02
249.42
231.51
156.07
155.26
163.68
139.82
104.87
56.81
79.98
82.47
169.66
169.85
239.19
249.56
155.26
155.56
139.82
154.81
56.81
82.86
82.47
75.23
190.37
171.07
227.65
213.62
155.56
180.78
154.81
181.87
82.86
99.01
75.23
77.59
172.96
171.41
208.35
223.32
180.78
183.46
181.87
189.42
99.01
80.64
77.59
72.87
170.93
182.02
229.32
284.58
183.46
180.78
189.42
172.44
80.64
67.10
72.87
94.62
176.33
218.46
244.62
292.29
166.88
145.71
167.38
148.54
94.62
65.41
75.64
72.16
161.51
201.29
193.43
242.56
145.71
148.06
148.54
151.79
65.41
77.59
72.16
71.15
173.28
179.66
218.84
213.05
148.06
161.24
151.79
172.17
77.59
79.98
71.15
93.65
164.02
177.70
231.51
241.36
161.24
171.81
172.17
194.36
79.98
82.47
93.65
79.97
169.85
190.16
249.56
248.87
171.81
168.08
194.36
174.82
82.47
75.23
79.97
57.07
171.07
199.32
213.62
269.27
168.08
157.84
174.82
186.51
75.23
77.59
57.07
97.11
171.41
213.97
223.32
274.26
157.84
176.59
186.51
191.26
77.59
72.87
97.11
86.30
182.02
219.49
284.58
283.63
176.59
166.88
191.26
167.38
72.87
94.62
86.30
75.64
218.46
237.68
292.29
291.50
133.95
144.13
138.34
144.48
75.64
72.16
81.96
70.04
201.29
213.68
242.56
270.07
144.13
157.03
144.48
159.52
72.16
71.15
70.04
53.72
179.66
199.82
213.05
230.31
157.03
179.47
159.52
176.25
71.15
93.65
53.72
63.90
177.70
190.79
241.36
245.87
179.47
184.08
176.25
179.33
93.65
79.97
63.90
57.27
190.16
192.94
248.87
258.67
184.08
176.72
179.33
170.37
79.97
57.07
57.27
65.95
199.32
224.48
269.27
276.71
176.72
150.02
170.37
137.46
57.07
97.11
65.95
86.50
213.97
230.64
274.26
292.31
150.02
131.56
137.46
131.51
97.11
86.30
86.50
89.92
219.49
220.26
283.63
274.71
131.56
133.95
131.51
138.34
86.30
75.64
89.92
81.96
237.68
208.16
291.50
271.16
116.52
132.83
112.64
135.54
81.96
70.04
83.98
90.16
213.68
225.34
270.07
283.35
132.83
135.40
135.54
138.19
70.04
53.72
90.16
63.34
199.82
187.34
230.31
237.47
135.40
161.30
138.19
143.08
53.72
63.90
63.34
109.02
190.79
157.04
245.87
213.98
161.30
149.97
143.08
147.39
63.90
57.27
109.02
54.06
192.94
188.67
258.67
248.12
149.97
153.65
147.39
137.67
57.27
65.95
54.06
91.15
224.48
213.28
276.71
275.92
153.65
133.00
137.67
107.89
65.95
86.50
91.15
112.29
230.64
238.70
292.31
297.62
133.00
113.43
107.89
94.91
86.50
89.92
112.29
92.85
220.26
205.10
274.71
286.76
113.43
116.52
94.91
112.64
89.92
81.96
92.85
83.98
208.16
152.24
271.16
244.37
146.38
118.65
121.70
121.93
83.98
90.16
125.65
112.91
225.34
248.45
283.35
332.84
118.65
117.50
121.93
124.76
90.16
63.34
112.91
70.16
187.34
184.31
237.47
299.02
117.50
167.55
124.76
168.74
63.34
109.02
70.16
137.70
157.04
92.88
213.98
150.63
167.55
193.10
168.74
170.05
109.02
54.06
137.70
107.98
188.67
169.80
248.12
270.34
193.10
173.96
170.05
138.84
54.06
91.15
107.98
161.50
213.28
241.61
275.92
294.75
173.96
153.34
138.84
123.21
91.15
112.29
161.50
148.71
238.70
179.85
297.62
295.73
153.34
159.09
123.21
106.03
112.29
92.85
148.71
158.44
205.10
158.97
286.76
295.57
159.09
146.38
106.03
121.70
92.85
83.98
158.44
125.65
